25,35,426,262144,262144,1772292857,25,35,424,262144,262144,1763949274
25,35,424,262144,262144,1763949274,25,35,422,262144,262144,1755693983
25,35,422,262144,262144,1755693983,25,35,420,262144,262144,1747525590
25,35,420,262144,262144,1747525590,25,35,418,262144,262144,1739442730
25,35,418,262144,262144,1739442730,25,35,416,262144,262144,1731444067
25,35,416,262144,262144,1731444067,25,35,416,262144,262144,1731444067
25,35,416,262144,262144,1731444067,25,35,416,262144,262144,1731444067
25,35,416,262144,262144,1731444067,25,35,416,262144,262144,1731444067
25,35,416,262144,262144,1731444067,25,35,416,262144,262144,1731444067
25,35,416,262144,262144,1731444067,25,35,416,262144,262144,1731444067
25,35,416,262144,262144,1731444067,25,35,414,262144,262144,1723528291
25,35,414,262144,262144,1723528291,25,35,414,262144,262144,1723528291
25,35,414,262144,262144,1723528291,25,35,414,262144,262144,1723528291
25,35,414,262144,262144,1723528291,25,35,414,262144,262144,1723528291
25,35,414,262144,262144,1723528291,25,35,414,262144,262144,1723528291
25,35,414,262144,262144,1723528291,25,35,414,262144,262144,1723528291
25,35,414,262144,262144,1723528291,25,35,414,262144,262144,1723528291
25,35,414,262144,262144,1723528291,25,35,412,262144,262144,1715694120
25,35,412,262144,262144,1715694120,25,35,412,262144,262144,1715694120
25,35,412,262144,262144,1715694120,25,35,412,262144,262144,1715694120
25,35,412,262144,262144,1715694120,25,35,412,262144,262144,1715694120
25,35,412,262144,262144,1715694120,25,35,412,262144,262144,1715694120
25,35,412,262144,262144,1715694120,25,35,412,262144,262144,1715694120
25,35,412,262144,262144,1715694120,25,35,410,262144,262144,1707940301
25,35,410,262144,262144,1707940301,25,35,409,262144,262144,1700265602
25,35,409,262144,262144,1700265602,25,35,409,262144,262144,1700265602
25,35,409,262144,262144,1700265602,25,35,409,262144,262144,1700265602
25,35,409,262144,262144,1700265602,25,35,409,262144,262144,1700265602
25,35,409,262144,262144,1700265602,25,35,409,262144,262144,1700265602
25,35,409,262144,262144,1700265602,25,35,409,262144,262144,1700265602
25,35,409,262144,262144,1700265602,25,35,409,262144,262144,1700265602
25,35,409,262144,262144,1700265602,25,35,407,262144,262144,1692668819
25,35,407,262144,262144,1692668819,25,35,405,262144,262144,1685148771
25,35,405,262144,262144,1685148771,25,35,405,262144,262144,1685148771
25,35,405,262144,262144,1685148771,25,35,405,262144,262144,1685148771
25,35,405,262144,262144,1685148771,25,35,405,262144,262144,1685148771
25,35,405,262144,262144,1685148771,25,35,405,262144,262144,1685148771
25,35,405,262144,262144,1685148771,25,35,405,262144,262144,1685148771
25,35,405,262144,262144,1685148771,25,35,403,262144,262144,1677704301
25,35,403,262144,262144,1677704301,25,35,401,262144,262144,1670334276
25,35,401,262144,262144,1670334276,25,35,401,262144,262144,1670334276
25,35,401,262144,262144,1670334276,25,35,401,262144,262144,1670334276
25,35,401,262144,262144,1670334276,25,35,401,262144,262144,1670334276
25,35,401,262144,262144,1670334276,25,35,401,262144,262144,1670334276
25,35,401,262144,262144,1670334276,25,35,401,262144,262144,1670334276
25,35,401,262144,262144,1670334276,25,35,400,262144,262144,1663037584
25,35,400,262144,262144,1663037584,25,35,398,262144,262144,1655813138
25,35,398,262144,262144,1655813138,25,35,398,262144,262144,1655813138
25,35,398,262144,262144,1655813138,25,35,398,262144,262144,1655813138
25,35,398,262144,262144,1655813138,25,35,398,262144,262144,1655813138
25,35,398,262144,262144,1655813138,25,35,398,262144,262144,1655813138
25,35,398,262144,262144,1655813138,25,35,398,262144,262144,1655813138
25,35,398,262144,262144,1655813138,25,35,396,262144,262144,1648659867
25,35,396,262144,262144,1648659867,25,35,394,262144,262144,1641576727
25,35,394,262144,262144,1641576727,25,35,394,262144,262144,1641576727
25,35,394,262144,262144,1641576727,25,35,394,262144,262144,1641576727
25,35,394,262144,262144,1641576727,25,35,394,262144,262144,1641576727
25,35,394,262144,262144,1641576727,25,35,394,262144,262144,1641576727
25,35,394,262144,262144,1641576727,25,35,394,262144,262144,1641576727
25,35,394,262144,262144,1641576727,25,35,393,262144,262144,1634562691
25,35,393,262144,262144,1634562691,25,35,391,262144,262144,1627616752
25,35,391,262144,262144,1627616752,25,35,391,262144,262144,1627616752
25,35,391,262144,262144,1627616752,25,35,391,262144,262144,1627616752
25,35,391,262144,262144,1627616752,25,35,391,262144,262144,1627616752
25,35,391,262144,262144,1627616752,25,35,391,262144,262144,1627616752
25,35,391,262144,262144,1627616752,25,35,391,262144,262144,1627616752
25,35,391,262144,262144,1627616752,25,35,389,262144,262144,1620737924
25,35,389,262144,262144,1620737924,25,35,388,262144,262144,1613925238
25,35,388,262144,262144,1613925238,25,35,388,262144,262144,1613925238
25,35,388,262144,262144,1613925238,25,35,388,262144,262144,1613925238
25,35,388,262144,262144,1613925238,25,35,388,262144,262144,1613925238
25,35,388,262144,262144,1613925238,25,35,388,262144,262144,1613925238
25,35,388,262144,262144,1613925238,25,35,388,262144,262144,1613925238
25,35,388,262144,262144,1613925238,25,35,386,262144,262144,1607177746
25,35,386,262144,262144,1607177746,25,35,385,262144,262144,1600494515
25,35,385,262144,262144,1600494515,25,35,385,262144,262144,1600494515
25,35,385,262144,262144,1600494515,25,35,385,262144,262144,1600494515
25,35,385,262144,262144,1600494515,25,35,385,262144,262144,1600494515
25,35,385,262144,262144,1600494515,25,35,385,262144,262144,1600494515
25,35,385,262144,262144,1600494515,25,35,385,262144,262144,1600494515
25,35,385,262144,262144,1600494515,25,49,383,262144,262144,1593874633
25,49,383,262144,262144,1593874633,25,49,383,262144,262144,1593874633
25,49,383,262144,262144,1593874633,25,49,383,262144,262144,1593874633
25,49,383,262144,262144,1593874633,25,49,383,262144,262144,1593874633
25,49,383,262144,262144,1593874633,25,49,383,262144,262144,1593874633
25,49,383,262144,262144,1593874633,25,49,383,262144,262144,1593874633
25,49,383,262144,262144,1593874633,25,49,383,262144,262144,1593874633
25,49,383,262144,262144,1593874633,25,49,381,262144,262144,1587317202
25,49,381,262144,262144,1587317202,25,49,381,262144,262144,1587317202
25,49,381,262144,262144,1587317202,25,49,381,262144,262144,1587317202
25,49,381,262144,262144,1587317202,25,49,381,262144,262144,1587317202
25,49,381,262144,262144,1587317202,25,49,381,262144,262144,1587317202
25,49,381,262144,262144,1587317202,25,49,381,262144,262144,1587317202
25,49,381,262144,262144,1587317202,25,49,381,262144,262144,1587317202
25,49,381,262144,262144,1587317202,25,49,380,262144,262144,1580821343
25,49,380,262144,262144,1580821343,25,49,378,262144,262144,1574386193
25,49,378,262144,262144,1574386193,25,49,378,262144,262144,1574386193
25,49,378,262144,262144,1574386193,25,49,378,262144,262144,1574386193
25,49,378,262144,262144,1574386193,25,49,378,262144,262144,1574386193
25,49,378,262144,262144,1574386193,25,49,378,262144,262144,1574386193
25,49,378,262144,262144,1574386193,25,49,378,262144,262144,1574386193
25,49,378,262144,262144,1574386193,25,49,377,262144,262144,1568010906
25,49,377,262144,262144,1568010906,25,49,375,262144,262144,1561694648
25,49,375,262144,262144,1561694648,25,49,375,262144,262144,1561694648
25,49,375,262144,262144,1561694648,25,49,375,262144,262144,1561694648
25,49,375,262144,262144,1561694648,25,49,375,262144,262144,1561694648
25,49,375,262144,262144,1561694648,25,49,375,262144,262144,1561694648
25,49,375,262144,262144,1561694648,25,49,375,262144,262144,1561694648
25,49,375,262144,262144,1561694648,25,49,374,262144,262144,1555436605
25,49,374,262144,262144,1555436605,25,35,372,262144,262144,1549235975
25,35,372,262144,262144,1549235975,25,35,372,262144,262144,1549235975
25,35,372,262144,262144,1549235975,25,35,372,262144,262144,1549235975
25,35,372,262144,262144,1549235975,25,35,372,262144,262144,1549235975
25,35,372,262144,262144,1549235975,25,35,372,262144,262144,1549235975
25,35,372,262144,262144,1549235975,25,35,372,262144,262144,1549235975
25,35,372,262144,262144,1549235975,25,35,371,262144,262144,1543091972
25,35,371,262144,262144,1543091972,25,35,369,262144,262144,1537003824
25,35,369,262144,262144,1537003824,25,35,369,262144,262144,1537003824
25,35,369,262144,262144,1537003824,25,35,369,262144,262144,1537003824
25,35,369,262144,262144,1537003824,25,35,369,262144,262144,1537003824
25,35,369,262144,262144,1537003824,25,35,369,262144,262144,1537003824
25,35,369,262144,262144,1537003824,25,35,369,262144,262144,1537003824
25,35,369,262144,262144,1537003824,25,35,368,262144,262144,1530970772
25,35,368,262144,262144,1530970772,25,49,366,262144,262144,1524992071
25,49,366,262144,262144,1524992071,25,49,366,262144,262144,1524992071
25,49,366,262144,262144,1524992071,25,49,366,262144,262144,1524992071
25,49,366,262144,262144,1524992071,25,49,366,262144,262144,1524992071
25,49,366,262144,262144,1524992071,25,49,366,262144,262144,1524992071
25,49,366,262144,262144,1524992071,25,49,366,262144,262144,1524992071
25,49,366,262144,262144,1524992071,25,49,366,262144,262144,1524992071
25,49,366,262144,262144,1524992071,25,49,365,262144,262144,1519066992
25,49,365,262144,262144,1519066992,25,49,365,262144,262144,1519066992
25,49,365,262144,262144,1519066992,25,49,365,262144,262144,1519066992
25,49,365,262144,262144,1519066992,25,49,365,262144,262144,1519066992
25,49,365,262144,262144,1519066992,25,49,365,262144,262144,1519066992
25,49,365,262144,262144,1519066992,25,49,365,262144,262144,1519066992
25,49,365,262144,262144,1519066992,25,49,364,262144,262144,1513194814
25,49,364,262144,262144,1513194814,25,49,364,262144,262144,1513194814
25,49,364,262144,262144,1513194814,25,49,364,262144,262144,1513194814
25,49,364,262144,262144,1513194814,25,49,364,262144,262144,1513194814
25,49,364,262144,262144,1513194814,25,49,364,262144,262144,1513194814
25,49,364,262144,262144,1513194814,25,49,364,262144,262144,1513194814
25,49,364,262144,262144,1513194814,25,49,364,262144,262144,1513194814
25,49,364,262144,262144,1513194814,25,49,364,262144,262144,1513194814
25,49,364,262144,262144,1513194814,25,49,362,262144,262144,1507374834
25,49,362,262144,262144,1507374834,25,49,362,262144,262144,1507374834
25,49,362,262144,262144,1507374834,25,49,362,262144,262144,1507374834
25,49,362,262144,262144,1507374834,25,49,362,262144,262144,1507374834
25,49,362,262144,262144,1507374834,25,49,362,262144,262144,1507374834
25,49,362,262144,262144,1507374834,25,49,362,262144,262144,1507374834
25,49,362,262144,262144,1507374834,25,49,362,262144,262144,1507374834
25,49,362,262144,262144,1507374834,25,49,361,262144,262144,1501606358
25,49,361,262144,262144,1501606358,25,49,361,262144,262144,1501606358
25,49,361,262144,262144,1501606358,25,49,361,262144,262144,1501606358
25,49,361,262144,262144,1501606358,25,49,361,262144,262144,1501606358
25,49,361,262144,262144,1501606358,25,49,361,262144,262144,1501606358
25,49,361,262144,262144,1501606358,25,49,361,262144,262144,1501606358
25,49,361,262144,262144,1501606358,25,49,359,262144,262144,1495888706
25,49,359,262144,262144,1495888706,25,49,358,262144,262144,1490221209
25,49,358,262144,262144,1490221209,25,49,358,262144,262144,1490221209
25,49,358,262144,262144,1490221209,25,49,358,262144,262144,1490221209
25,49,358,262144,262144,1490221209,25,49,358,262144,262144,1490221209
25,49,358,262144,262144,1490221209,25,49,358,262144,262144,1490221209
25,49,358,262144,262144,1490221209,25,49,358,262144,262144,1490221209
25,49,358,262144,262144,1490221209,25,49,358,262144,262144,1490221209
25,49,358,262144,262144,1490221209,25,49,357,262144,262144,1484603209
25,49,357,262144,262144,1484603209,25,49,355,262144,262144,1479034062
25,49,355,262144,262144,1479034062,25,49,354,262144,262144,1473513132
25,49,354,262144,262144,1473513132,25,49,354,262144,262144,1473513132
25,49,354,262144,262144,1473513132,25,49,354,262144,262144,1473513132
25,49,354,262144,262144,1473513132,25,49,354,262144,262144,1473513132
25,49,354,262144,262144,1473513132,25,49,354,262144,262144,1473513132
25,49,354,262144,262144,1473513132,25,49,354,262144,262144,1473513132
25,49,354,262144,262144,1473513132,25,49,353,262144,262144,1468039797
25,49,353,262144,262144,1468039797,25,49,351,262144,262144,1462613443
25,49,351,262144,262144,1462613443,25,49,351,262144,262144,1462613443
25,49,351,262144,262144,1462613443,25,49,351,262144,262144,1462613443
25,49,351,262144,262144,1462613443,25,49,351,262144,262144,1462613443
25,49,351,262144,262144,1462613443,25,49,351,262144,262144,1462613443
25,49,351,262144,262144,1462613443,25,49,350,262144,262144,1457233468
25,49,350,262144,262144,1457233468,25,49,349,262144,262144,1451899280
25,49,349,262144,262144,1451899280,25,49,349,262144,262144,1451899280
25,49,349,262144,262144,1451899280,25,49,349,262144,262144,1451899280
25,49,349,262144,262144,1451899280,25,49,349,262144,262144,1451899280
25,49,349,262144,262144,1451899280,25,49,349,262144,262144,1451899280
25,49,349,262144,262144,1451899280,25,49,349,262144,262144,1451899280
25,49,349,262144,262144,1451899280,25,49,347,262144,262144,1446610297
25,49,347,262144,262144,1446610297,25,49,346,262144,262144,1441365947
25,49,346,262144,262144,1441365947,25,49,346,262144,262144,1441365947
25,49,346,262144,262144,1441365947,25,49,346,262144,262144,1441365947
25,49,346,262144,262144,1441365947,25,49,346,262144,262144,1441365947
25,49,346,262144,262144,1441365947,25,49,346,262144,262144,1441365947
25,49,346,262144,262144,1441365947,25,49,346,262144,262144,1441365947
25,49,346,262144,262144,1441365947,25,35,345,262144,262144,1436165667
25,35,345,262144,262144,1436165667,25,35,345,262144,262144,1436165667
25,35,345,262144,262144,1436165667,25,35,345,262144,262144,1436165667
25,35,345,262144,262144,1436165667,25,35,345,262144,262144,1436165667
25,35,345,262144,262144,1436165667,25,35,345,262144,262144,1436165667
25,35,345,262144,262144,1436165667,25,35,345,262144,262144,1436165667
25,35,345,262144,262144,1436165667,25,35,345,262144,262144,1436165667
25,35,345,262144,262144,1436165667,25,35,344,262144,262144,1431008904
25,35,344,262144,262144,1431008904,25,35,343,262144,262144,1425895114
25,35,343,262144,262144,1425895114,25,35,343,262144,262144,1425895114
25,35,343,262144,262144,1425895114,25,35,343,262144,262144,1425895114
25,35,343,262144,262144,1425895114,25,35,343,262144,262144,1425895114
25,35,343,262144,262144,1425895114,25,35,343,262144,262144,1425895114
25,35,343,262144,262144,1425895114,25,35,343,262144,262144,1425895114
25,35,343,262144,262144,1425895114,25,35,343,262144,262144,1425895114
25,35,343,262144,262144,1425895114,25,35,341,262144,262144,1420823762
25,35,341,262144,262144,1420823762,25,35,340,262144,262144,1415794322
25,35,340,262144,262144,1415794322,25,35,340,262144,262144,1415794322
25,35,340,262144,262144,1415794322,25,35,340,262144,262144,1415794322
25,35,340,262144,262144,1415794322,25,35,340,262144,262144,1415794322
25,35,340,262144,262144,1415794322,25,35,340,262144,262144,1415794322
25,35,340,262144,262144,1415794322,25,35,340,262144,262144,1415794322
25,35,340,262144,262144,1415794322,25,35,339,262144,262144,1410806276
25,35,339,262144,262144,1410806276,25,35,338,262144,262144,1405859117
25,35,338,262144,262144,1405859117,25,35,338,262144,262144,1405859117
25,35,338,262144,262144,1405859117,25,35,338,262144,262144,1405859117
25,35,338,262144,262144,1405859117,25,35,338,262144,262144,1405859117
25,35,338,262144,262144,1405859117,25,35,338,262144,262144,1405859117
25,35,338,262144,262144,1405859117,25,35,338,262144,262144,1405859117
25,35,338,262144,262144,1405859117,25,35,337,262144,262144,1400952342
25,35,337,262144,262144,1400952342,25,35,335,262144,262144,1396085460
25,35,335,262144,262144,1396085460,25,35,335,262144,262144,1396085460
25,35,335,262144,262144,1396085460,25,35,335,262144,262144,1396085460
25,35,335,262144,262144,1396085460,25,35,335,262144,262144,1396085460
25,35,335,262144,262144,1396085460,25,35,335,262144,262144,1396085460
25,35,335,262144,262144,1396085460,25,35,335,262144,262144,1396085460
25,35,335,262144,262144,1396085460,25,35,334,262144,262144,1391257985
25,35,334,262144,262144,1391257985,25,35,333,262144,262144,1386469442
25,35,333,262144,262144,1386469442,25,35,333,262144,262144,1386469442
25,35,333,262144,262144,1386469442,25,35,333,262144,262144,1386469442
25,35,333,262144,262144,1386469442,25,35,333,262144,262144,1386469442
25,35,333,262144,262144,1386469442,25,35,333,262144,262144,1386469442
25,35,333,262144,262144,1386469442,25,35,333,262144,262144,1386469442
25,35,333,262144,262144,1386469442,25,35,332,262144,262144,1381719361
25,35,332,262144,262144,1381719361,25,35,331,262144,262144,1377007281
25,35,331,262144,262144,1377007281,25,35,331,262144,262144,1377007281
25,35,331,262144,262144,1377007281,25,35,331,262144,262144,1377007281
25,35,331,262144,262144,1377007281,25,35,331,262144,262144,1377007281
25,35,331,262144,262144,1377007281,25,35,331,262144,262144,1377007281
25,35,331,262144,262144,1377007281,25,35,331,262144,262144,1377007281
25,35,331,262144,262144,1377007281,25,35,330,262144,262144,1372332747
25,35,330,262144,262144,1372332747,25,35,329,262144,262144,1367695313
25,35,329,262144,262144,1367695313,25,35,329,262144,262144,1367695313
25,35,329,262144,262144,1367695313,25,35,329,262144,262144,1367695313
25,35,329,262144,262144,1367695313,25,35,329,262144,262144,1367695313
25,35,329,262144,262144,1367695313,25,35,329,262144,262144,1367695313
25,35,329,262144,262144,1367695313,25,35,329,262144,262144,1367695313
25,35,329,262144,262144,1367695313,25,35,327,262144,262144,1363094538
25,35,327,262144,262144,1363094538,25,35,326,262144,262144,1358529990
25,35,326,262144,262144,1358529990,25,35,326,262144,262144,1358529990
25,35,326,262144,262144,1358529990,25,35,326,262144,262144,1358529990
25,35,326,262144,262144,1358529990,25,35,326,262144,262144,1358529990
25,35,326,262144,262144,1358529990,25,35,326,262144,262144,1358529990
25,35,326,262144,262144,1358529990,25,35,326,262144,262144,1358529990
25,35,326,262144,262144,1358529990,25,35,325,262144,262144,1354001242
25,35,325,262144,262144,1354001242,25,49,324,262144,262144,1349507875
25,49,324,262144,262144,1349507875,25,49,324,262144,262144,1349507875
25,49,324,262144,262144,1349507875,25,49,324,262144,262144,1349507875
25,49,324,262144,262144,1349507875,25,49,324,262144,262144,1349507875
25,49,324,262144,262144,1349507875,25,49,324,262144,262144,1349507875
25,49,324,262144,262144,1349507875,25,49,324,262144,262144,1349507875
25,49,324,262144,262144,1349507875,25,49,324,262144,262144,1349507875
25,49,324,262144,262144,1349507875,25,49,323,262144,262144,1345049476
25,49,323,262144,262144,1345049476,25,49,323,262144,262144,1345049476
25,49,323,262144,262144,1345049476,25,49,323,262144,262144,1345049476
25,49,323,262144,262144,1345049476,25,49,323,262144,262144,1345049476
25,49,323,262144,262144,1345049476,25,49,323,262144,262144,1345049476
25,49,323,262144,262144,1345049476,25,49,323,262144,262144,1345049476
25,49,323,262144,262144,1345049476,25,49,322,262144,262144,1340625638
25,49,322,262144,262144,1340625638,25,49,322,262144,262144,1340625638
25,49,322,262144,262144,1340625638,25,49,322,262144,262144,1340625638
25,49,322,262144,262144,1340625638,25,49,322,262144,262144,1340625638
25,49,322,262144,262144,1340625638,25,49,322,262144,262144,1340625638
25,49,322,262144,262144,1340625638,25,49,322,262144,262144,1340625638
25,49,322,262144,262144,1340625638,25,49,322,262144,262144,1340625638
25,49,322,262144,262144,1340625638,25,49,321,262144,262144,1336235961
25,49,321,262144,262144,1336235961,25,49,320,262144,262144,1331880051
25,49,320,262144,262144,1331880051,25,49,320,262144,262144,1331880051
25,49,320,262144,262144,1331880051,25,49,320,262144,262144,1331880051
25,49,320,262144,262144,1331880051,25,49,320,262144,262144,1331880051
25,49,320,262144,262144,1331880051,25,49,320,262144,262144,1331880051
25,49,320,262144,262144,1331880051,25,49,320,262144,262144,1331880051
25,49,320,262144,262144,1331880051,25,49,319,262144,262144,1327557519
25,49,319,262144,262144,1327557519,25,49,318,262144,262144,1323267984
25,49,318,262144,262144,1323267984,25,49,318,262144,262144,1323267984
25,49,318,262144,262144,1323267984,25,49,318,262144,262144,1323267984
25,49,318,262144,262144,1323267984,25,49,318,262144,262144,1323267984
25,49,318,262144,262144,1323267984,25,49,318,262144,262144,1323267984
25,49,318,262144,262144,1323267984,25,49,318,262144,262144,1323267984
25,49,318,262144,262144,1323267984,25,49,318,262144,262144,1323267984
25,49,318,262144,262144,1323267984,25,49,317,262144,262144,1319011069
25,49,317,262144,262144,1319011069,25,49,317,262144,262144,1319011069
25,49,317,262144,262144,1319011069,25,49,317,262144,262144,1319011069
25,49,317,262144,262144,1319011069,25,49,317,262144,262144,1319011069
25,49,317,262144,262144,1319011069,25,49,317,262144,262144,1319011069
25,49,317,262144,262144,1319011069,25,49,317,262144,262144,1319011069
25,49,317,262144,262144,1319011069,25,49,316,262144,262144,1314786403
25,49,316,262144,262144,1314786403,25,49,315,262144,262144,1310593622
25,49,315,262144,262144,1310593622,25,49,315,262144,262144,1310593622
25,49,315,262144,262144,1310593622,25,49,315,262144,262144,1310593622
25,49,315,262144,262144,1310593622,25,49,315,262144,262144,1310593622
25,49,315,262144,262144,1310593622,25,49,315,262144,262144,1310593622
25,49,315,262144,262144,1310593622,25,49,315,262144,262144,1310593622
25,49,315,262144,262144,1310593622,25,49,314,262144,262144,1306432365
25,49,314,262144,262144,1306432365,25,49,313,262144,262144,1302302279
25,49,313,262144,262144,1302302279,25,49,313,262144,262144,1302302279
25,49,313,262144,262144,1302302279,25,49,313,262144,262144,1302302279
25,49,313,262144,262144,1302302279,25,49,313,262144,262144,1302302279
25,49,313,262144,262144,1302302279,25,49,313,262144,262144,1302302279
25,49,313,262144,262144,1302302279,25,49,313,262144,262144,1302302279
25,49,313,262144,262144,1302302279,25,35,312,262144,262144,1298203014
25,35,312,262144,262144,1298203014,25,35,311,262144,262144,1294134227
25,35,311,262144,262144,1294134227,25,35,311,262144,262144,1294134227
25,35,311,262144,262144,1294134227,25,35,311,262144,262144,1294134227
25,35,311,262144,262144,1294134227,25,35,311,262144,262144,1294134227
25,35,311,262144,262144,1294134227,25,35,311,262144,262144,1294134227
25,35,311,262144,262144,1294134227,25,35,311,262144,262144,1294134227
25,35,311,262144,262144,1294134227,25,35,310,262144,262144,1290095579
25,35,310,262144,262144,1290095579,25,35,309,262144,262144,1286086736
25,35,309,262144,262144,1286086736,25,35,309,262144,262144,1286086736
25,35,309,262144,262144,1286086736,25,35,309,262144,262144,1286086736
25,35,309,262144,262144,1286086736,25,35,309,262144,262144,1286086736
25,35,309,262144,262144,1286086736,25,35,309,262144,262144,1286086736
25,35,309,262144,262144,1286086736,25,35,309,262144,262144,1286086736
25,35,309,262144,262144,1286086736,25,35,308,262144,262144,1282107371
25,35,308,262144,262144,1282107371,25,35,308,262144,262144,1282107371
25,35,308,262144,262144,1282107371,25,35,308,262144,262144,1282107371
25,35,308,262144,262144,1282107371,25,35,308,262144,262144,1282107371
25,35,308,262144,262144,1282107371,25,35,308,262144,262144,1282107371
25,35,308,262144,262144,1282107371,25,35,308,262144,262144,1282107371
25,35,308,262144,262144,1282107371,25,49,307,262144,262144,1278157158
25,49,307,262144,262144,1278157158,25,49,307,262144,262144,1278157158
25,49,307,262144,262144,1278157158,25,49,307,262144,262144,1278157158
25,49,307,262144,262144,1278157158,25,49,307,262144,262144,1278157158
25,49,307,262144,262144,1278157158,25,49,307,262144,262144,1278157158
25,49,307,262144,262144,1278157158,25,49,307,262144,262144,1278157158
25,49,307,262144,262144,1278157158,25,49,307,262144,262144,1278157158
25,49,307,262144,262144,1278157158,25,49,307,262144,262144,1278157158
25,49,307,262144,262144,1278157158,25,49,307,262144,262144,1278157158
25,49,307,262144,262144,1278157158,25,49,307,262144,262144,1278157158
25,49,307,262144,262144,1278157158,25,49,307,262144,262144,1278157158
25,49,307,262144,262144,1278157158,25,49,307,262144,262144,1278157158
25,49,307,262144,262144,1278157158,25,49,307,262144,262144,1278157158
25,49,307,262144,262144,1278157158,25,49,307,262144,262144,1278157158
25,49,307,262144,262144,1278157158,25,49,307,262144,262144,1278157158
25,49,307,262144,262144,1278157158,25,49,307,262144,262144,1278157158
25,49,307,262144,262144,1278157158,25,49,307,262144,262144,1278157158
25,49,307,262144,262144,1278157158,25,49,307,262144,262144,1278157158
25,49,307,262144,262144,1278157158,25,49,307,262144,262144,1278157158
25,49,307,262144,262144,1278157158,25,49,307,262144,262144,1278157158
25,49,307,262144,262144,1278157158,25,49,307,262144,262144,1278157158
25,49,307,262144,262144,1278157158,25,49,307,262144,262144,1278157158
25,49,307,262144,262144,1278157158,25,49,307,262144,262144,1278157158
25,49,307,262144,262144,1278157158,25,49,307,262144,262144,1278157158
25,49,307,262144,262144,1278157158,25,49,307,262144,262144,1278157158
25,49,307,262144,262144,1278157158,25,49,307,262144,262144,1278157158
25,49,307,262144,262144,1278157158,25,49,307,262144,262144,1278157158
25,49,307,262144,262144,1278157158,25,49,307,262144,262144,1278157158
25,49,307,262144,262144,1278157158,25,49,307,262144,262144,1278157158
25,49,307,262144,262144,1278157158,25,49,307,262144,262144,1278157158
25,49,307,262144,262144,1278157158,25,49,307,262144,262144,1278157158
25,49,307,262144,262144,1278157158,25,49,307,262144,262144,1278157158
25,49,307,262144,262144,1278157158,25,49,307,262144,262144,1278157158
25,49,307,262144,262144,1278157158,25,49,307,262144,262144,1278157158
25,49,307,262144,262144,1278157158,25,49,307,262144,262144,1278157158
25,49,307,262144,262144,1278157158,25,49,307,262144,262144,1278157158
25,49,307,262144,262144,1278157158,25,49,307,262144,262144,1278157158
25,49,307,262144,262144,1278157158,25,49,307,262144,262144,1278157158
25,49,307,262144,262144,1278157158,25,49,307,262144,262144,1278157158
25,49,307,262144,262144,1278157158,25,49,307,262144,262144,1278157158
25,49,307,262144,262144,1278157158,25,49,307,262144,262144,1278157158
25,49,307,262144,262144,1278157158,25,49,307,262144,262144,1278157158
25,49,307,262144,262144,1278157158,25,49,307,262144,262144,1278157158
25,49,307,262144,262144,1278157158,25,49,307,262144,262144,1278157158
25,49,307,262144,262144,1278157158,25,49,307,262144,262144,1278157158
25,49,307,262144,262144,1278157158,25,49,307,262144,262144,1278157158
25,49,307,262144,262144,1278157158,25,49,307,262144,262144,1278157158
25,49,307,262144,262144,1278157158,25,49,307,262144,262144,1278157158
25,49,307,262144,262144,1278157158,25,49,307,262144,262144,1278157158
25,49,307,262144,262144,1278157158,25,49,307,262144,262144,1278157158
25,49,307,262144,262144,1278157158,25,49,307,262144,262144,1278157158
25,49,307,262144,262144,1278157158,25,49,307,262144,262144,1278157158
25,49,307,262144,262144,1278157158,25,49,307,262144,262144,1278157158
25,49,307,262144,262144,1278157158,25,49,307,262144,262144,1278157158
25,49,307,262144,262144,1278157158,25,49,307,262144,262144,1278157158
25,49,307,262144,262144,1278157158,25,49,307,262144,262144,1278157158
25,49,307,262144,262144,1278157158,25,49,307,262144,262144,1278157158
25,49,307,262144,262144,1278157158,25,49,307,262144,262144,1278157158
25,49,307,262144,262144,1278157158,25,49,307,262144,262144,1278157158
25,49,307,262144,262144,1278157158,25,49,307,262144,262144,1278157158
25,49,307,262144,262144,1278157158,25,49,307,262144,262144,1278157158
25,49,307,262144,262144,1278157158,25,49,307,262144,262144,1278157158
25,49,307,262144,262144,1278157158,25,49,307,262144,262144,1278157158
25,49,307,262144,262144,1278157158,25,49,307,262144,262144,1278157158
25,49,307,262144,262144,1278157158,25,49,307,262144,262144,1278157158
25,49,307,262144,262144,1278157158,25,49,307,262144,262144,1278157158
25,49,307,262144,262144,1278157158,25,49,307,262144,262144,1278157158
25,49,307,262144,262144,1278157158,25,49,307,262144,262144,1278157158
25,49,307,262144,262144,1278157158,25,49,307,262144,262144,1278157158
25,49,307,262144,262144,1278157158,25,49,307,262144,262144,1278157158
25,49,307,262144,262144,1278157158,25,49,307,262144,262144,1278157158
25,49,307,262144,262144,1278157158,25,49,307,262144,262144,1278157158
25,49,307,262144,262144,1278157158,25,49,307,262144,262144,1278157158
25,49,307,262144,262144,1278157158,25,49,307,262144,262144,1278157158
25,49,307,262144,262144,1278157158,25,49,307,262144,262144,1278157158
25,49,307,262144,262144,1278157158,25,49,307,262144,262144,1278157158
25,49,307,262144,262144,1278157158,25,49,307,262144,262144,1278157158
25,49,307,262144,262144,1278157158,25,49,307,262144,262144,1278157158
25,49,307,262144,262144,1278157158,25,49,307,262144,262144,1278157158
25,49,307,262144,262144,1278157158,25,49,307,262144,262144,1278157158
25,49,307,262144,262144,1278157158,25,49,307,262144,262144,1278157158
25,49,307,262144,262144,1278157158,25,49,307,262144,262144,1278157158
25,49,307,262144,262144,1278157158,25,49,307,262144,262144,1278157158
25,49,307,262144,262144,1278157158,25,49,307,262144,262144,1278157158
25,49,307,262144,262144,1278157158,25,49,307,262144,262144,1278157158
25,49,307,262144,262144,1278157158,25,49,307,262144,262144,1278157158
25,49,307,262144,262144,1278157158,25,49,307,262144,262144,1278157158
25,49,307,262144,262144,1278157158,25,49,307,262144,262144,1278157158
25,49,307,262144,262144,1278157158,25,49,307,262144,262144,1278157158
25,49,307,262144,262144,1278157158,25,49,307,262144,262144,1278157158
25,49,307,262144,262144,1278157158,25,49,307,262144,262144,1278157158
25,49,307,262144,262144,1278157158,25,49,307,262144,262144,1278157158
25,49,307,262144,262144,1278157158,25,49,307,262144,262144,1278157158
25,49,307,262144,262144,1278157158,25,49,307,262144,262144,1278157158
25,49,307,262144,262144,1278157158,25,49,307,262144,262144,1278157158
25,49,307,262144,262144,1278157158,25,49,307,262144,262144,1278157158
25,49,307,262144,262144,1278157158,25,49,307,262144,262144,1278157158
25,49,307,262144,262144,1278157158,25,49,307,262144,262144,1278157158
25,49,307,262144,262144,1278157158,25,49,307,262144,262144,1278157158
25,49,307,262144,262144,1278157158,25,49,307,262144,262144,1278157158
25,49,307,262144,262144,1278157158,25,49,307,262144,262144,1278157158
25,49,307,262144,262144,1278157158,25,49,307,262144,262144,1278157158
25,49,307,262144,262144,1278157158,25,49,307,262144,262144,1278157158
25,49,307,262144,262144,1278157158,25,49,307,262144,262144,1278157158
25,49,307,262144,262144,1278157158,25,49,307,262144,262144,1278157158
25,49,307,262144,262144,1278157158,25,49,307,262144,262144,1278157158
25,49,307,262144,262144,1278157158,25,49,307,262144,262144,1278157158
25,49,307,262144,262144,1278157158,25,49,307,262144,262144,1278157158
25,49,307,262144,262144,1278157158,25,49,307,262144,262144,1278157158
25,49,307,262144,262144,1278157158,25,49,307,262144,262144,1278157158
25,49,307,262144,262144,1278157158,25,49,307,262144,262144,1278157158
25,49,307,262144,262144,1278157158,25,49,307,262144,262144,1278157158
25,49,307,262144,262144,1278157158,25,49,307,262144,262144,1278157158
25,49,307,262144,262144,1278157158,25,49,307,262144,262144,1278157158
25,49,307,262144,262144,1278157158,25,49,307,262144,262144,1278157158
25,49,307,262144,262144,1278157158,25,49,307,262144,262144,1278157158
25,49,307,262144,262144,1278157158,25,49,307,262144,262144,1278157158
25,49,307,262144,262144,1278157158,25,49,307,262144,262144,1278157158
25,49,307,262144,262144,1278157158,25,49,307,262144,262144,1278157158
25,49,307,262144,262144,1278157158,25,49,307,262144,262144,1278157158
25,49,307,262144,262144,1278157158,25,49,307,262144,262144,1278157158
25,49,307,262144,262144,1278157158,25,49,307,262144,262144,1278157158
25,49,307,262144,262144,1278157158,25,49,307,262144,262144,1278157158
25,49,307,262144,262144,1278157158,25,49,307,262144,262144,1278157158
25,49,307,262144,262144,1278157158,25,49,307,262144,262144,1278157158
25,49,307,262144,262144,1278157158,25,49,307,262144,262144,1278157158
25,49,307,262144,262144,1278157158,25,49,307,262144,262144,1278157158
25,49,307,262144,262144,1278157158,25,49,307,262144,262144,1278157158
25,49,307,262144,262144,1278157158,25,49,307,262144,262144,1278157158
25,49,307,262144,262144,1278157158,25,49,307,262144,262144,1278157158
25,49,307,262144,262144,1278157158,25,49,307,262144,262144,1278157158
25,49,307,262144,262144,1278157158,25,49,307,262144,262144,1278157158
25,49,307,262144,262144,1278157158,25,49,307,262144,262144,1278157158
25,49,307,262144,262144,1278157158,25,49,307,262144,262144,1278157158
25,49,307,262144,262144,1278157158,25,49,307,262144,262144,1278157158
25,49,307,262144,262144,1278157158,25,49,307,262144,262144,1278157158
25,49,307,262144,262144,1278157158,25,49,307,262144,262144,1278157158
25,49,307,262144,262144,1278157158,25,49,307,262144,262144,1278157158
25,49,307,262144,262144,1278157158,25,49,307,262144,262144,1278157158
25,49,307,262144,262144,1278157158,25,49,307,262144,262144,1278157158
25,49,307,262144,262144,1278157158,25,49,307,262144,262144,1278157158
25,49,307,262144,262144,1278157158,25,49,307,262144,262144,1278157158
25,49,307,262144,262144,1278157158,25,49,307,262144,262144,1278157158
25,49,307,262144,262144,1278157158,25,49,307,262144,262144,1278157158
25,49,307,262144,262144,1278157158,25,49,307,262144,262144,1278157158
25,49,307,262144,262144,1278157158,25,49,307,262144,262144,1278157158
25,49,307,262144,262144,1278157158,25,49,307,262144,262144,1278157158
25,49,307,262144,262144,1278157158,25,49,307,262144,262144,1278157158
25,49,307,262144,262144,1278157158,25,49,307,262144,262144,1278157158
25,49,307,262144,262144,1278157158,25,49,307,262144,262144,1278157158
25,49,307,262144,262144,1278157158,25,49,307,262144,262144,1278157158
25,49,307,262144,262144,1278157158,25,49,307,262144,262144,1278157158
25,49,307,262144,262144,1278157158,25,49,307,262144,262144,1278157158
25,49,307,262144,262144,1278157158,25,49,307,262144,262144,1278157158
25,49,307,262144,262144,1278157158,25,49,307,262144,262144,1278157158
25,49,307,262144,262144,1278157158,25,49,307,262144,262144,1278157158
25,49,307,262144,262144,1278157158,25,49,307,262144,262144,1278157158
25,49,307,262144,262144,1278157158,25,49,307,262144,262144,1278157158
25,49,307,262144,262144,1278157158,25,49,307,262144,262144,1278157158
25,49,307,262144,262144,1278157158,25,49,307,262144,262144,1278157158
25,49,307,262144,262144,1278157158,25,49,307,262144,262144,1278157158
25,49,307,262144,262144,1278157158,25,49,307,262144,262144,1278157158
25,49,307,262144,262144,1278157158,25,49,307,262144,262144,1278157158
25,49,307,262144,262144,1278157158,25,49,306,262144,262144,1274235779
25,49,306,262144,262144,1274235779,25,49,305,262144,262144,1270342919
25,49,305,262144,262144,1270342919,25,49,305,262144,262144,1270342919
25,49,305,262144,262144,1270342919,25,49,305,262144,262144,1270342919
25,49,305,262144,262144,1270342919,25,49,305,262144,262144,1270342919
25,49,305,262144,262144,1270342919,25,49,305,262144,262144,1270342919
25,49,305,262144,262144,1270342919,25,49,305,262144,262144,1270342919
25,49,305,262144,262144,1270342919,25,49,304,262144,262144,1266478268
25,49,304,262144,262144,1266478268,25,49,304,262144,262144,1266478268
25,49,304,262144,262144,1266478268,25,49,304,262144,262144,1266478268
25,49,304,262144,262144,1266478268,25,49,304,262144,262144,1266478268
25,49,304,262144,262144,1266478268,25,49,304,262144,262144,1266478268
25,49,304,262144,262144,1266478268,25,49,304,262144,262144,1266478268
25,49,304,262144,262144,1266478268,25,49,304,262144,262144,1266478268
25,49,304,262144,262144,1266478268,25,49,304,262144,262144,1266478268
25,49,304,262144,262144,1266478268,25,49,304,262144,262144,1266478268
25,49,304,262144,262144,1266478268,25,49,304,262144,262144,1266478268
25,49,304,262144,262144,1266478268,25,49,304,262144,262144,1266478268
25,49,304,262144,262144,1266478268,25,49,304,262144,262144,1266478268
25,49,304,262144,262144,1266478268,25,49,304,262144,262144,1266478268
25,49,304,262144,262144,1266478268,25,49,304,262144,262144,1266478268
25,49,304,262144,262144,1266478268,25,49,304,262144,262144,1266478268
25,49,304,262144,262144,1266478268,25,49,304,262144,262144,1266478268
25,49,304,262144,262144,1266478268,25,49,304,262144,262144,1266478268
25,49,304,262144,262144,1266478268,25,49,304,262144,262144,1266478268
25,49,304,262144,262144,1266478268,25,49,304,262144,262144,1266478268
25,49,304,262144,262144,1266478268,25,49,304,262144,262144,1266478268
25,49,304,262144,262144,1266478268,25,49,304,262144,262144,1266478268
25,49,304,262144,262144,1266478268,25,49,304,262144,262144,1266478268
25,49,304,262144,262144,1266478268,25,49,304,262144,262144,1266478268
25,49,304,262144,262144,1266478268,25,49,304,262144,262144,1266478268
25,49,304,262144,262144,1266478268,25,49,304,262144,262144,1266478268
25,49,304,262144,262144,1266478268,25,49,304,262144,262144,1266478268
25,49,304,262144,262144,1266478268,25,49,304,262144,262144,1266478268
25,49,304,262144,262144,1266478268,25,49,304,262144,262144,1266478268
25,49,304,262144,262144,1266478268,25,49,304,262144,262144,1266478268
25,49,304,262144,262144,1266478268,25,49,304,262144,262144,1266478268
25,49,304,262144,262144,1266478268,25,49,304,262144,262144,1266478268
25,49,304,262144,262144,1266478268,25,49,304,262144,262144,1266478268
25,49,304,262144,262144,1266478268,25,49,304,262144,262144,1266478268
25,49,304,262144,262144,1266478268,25,49,304,262144,262144,1266478268
25,49,304,262144,262144,1266478268,25,49,304,262144,262144,1266478268
25,49,304,262144,262144,1266478268,25,49,304,262144,262144,1266478268
25,49,304,262144,262144,1266478268,25,49,304,262144,262144,1266478268
25,49,304,262144,262144,1266478268,25,49,304,262144,262144,1266478268
25,49,304,262144,262144,1266478268,25,49,304,262144,262144,1266478268
25,49,304,262144,262144,1266478268,25,49,304,262144,262144,1266478268
25,49,304,262144,262144,1266478268,25,49,304,262144,262144,1266478268
25,49,304,262144,262144,1266478268,25,49,304,262144,262144,1266478268
25,49,304,262144,262144,1266478268,25,49,304,262144,262144,1266478268
25,49,304,262144,262144,1266478268,25,49,304,262144,262144,1266478268
25,49,304,262144,262144,1266478268,25,49,304,262144,262144,1266478268
25,49,304,262144,262144,1266478268,25,49,304,262144,262144,1266478268
25,49,304,262144,262144,1266478268,25,49,304,262144,262144,1266478268
25,49,304,262144,262144,1266478268,25,49,304,262144,262144,1266478268
25,49,304,262144,262144,1266478268,25,49,304,262144,262144,1266478268
25,49,304,262144,262144,1266478268,25,49,304,262144,262144,1266478268
25,49,304,262144,262144,1266478268,25,49,304,262144,262144,1266478268
25,49,304,262144,262144,1266478268,25,49,304,262144,262144,1266478268
25,49,304,262144,262144,1266478268,25,49,304,262144,262144,1266478268
25,49,304,262144,262144,1266478268,25,49,304,262144,262144,1266478268
25,49,304,262144,262144,1266478268,25,49,304,262144,262144,1266478268
25,49,304,262144,262144,1266478268,25,49,304,262144,262144,1266478268
25,49,304,262144,262144,1266478268,25,49,304,262144,262144,1266478268
25,49,304,262144,262144,1266478268,25,49,304,262144,262144,1266478268
25,49,304,262144,262144,1266478268,25,49,304,262144,262144,1266478268
25,49,304,262144,262144,1266478268,25,49,304,262144,262144,1266478268
25,49,304,262144,262144,1266478268,25,49,304,262144,262144,1266478268
25,49,304,262144,262144,1266478268,25,49,304,262144,262144,1266478268
25,49,304,262144,262144,1266478268,25,49,304,262144,262144,1266478268
25,49,304,262144,262144,1266478268,25,49,304,262144,262144,1266478268
25,49,304,262144,262144,1266478268,25,49,304,262144,262144,1266478268
25,49,304,262144,262144,1266478268,25,49,304,262144,262144,1266478268
25,49,304,262144,262144,1266478268,25,49,304,262144,262144,1266478268
25,49,304,262144,262144,1266478268,25,49,304,262144,262144,1266478268
25,49,304,262144,262144,1266478268,25,49,304,262144,262144,1266478268
25,49,304,262144,262144,1266478268,25,49,304,262144,262144,1266478268
25,49,304,262144,262144,1266478268,25,49,304,262144,262144,1266478268
25,49,304,262144,262144,1266478268,25,49,304,262144,262144,1266478268
25,49,304,262144,262144,1266478268,25,49,304,262144,262144,1266478268
25,49,304,262144,262144,1266478268,25,49,304,262144,262144,1266478268
25,49,304,262144,262144,1266478268,25,49,304,262144,262144,1266478268
25,49,304,262144,262144,1266478268,25,49,304,262144,262144,1266478268
25,49,304,262144,262144,1266478268,25,49,304,262144,262144,1266478268
25,49,304,262144,262144,1266478268,25,49,304,262144,262144,1266478268
25,49,304,262144,262144,1266478268,25,49,304,262144,262144,1266478268
25,49,304,262144,262144,1266478268,25,49,304,262144,262144,1266478268
25,49,304,262144,262144,1266478268,25,49,304,262144,262144,1266478268
25,49,304,262144,262144,1266478268,25,49,304,262144,262144,1266478268
25,49,304,262144,262144,1266478268,25,49,304,262144,262144,1266478268
25,49,304,262144,262144,1266478268,25,49,304,262144,262144,1266478268
25,49,304,262144,262144,1266478268,25,49,304,262144,262144,1266478268
25,49,304,262144,262144,1266478268,25,49,304,262144,262144,1266478268
25,49,304,262144,262144,1266478268,25,49,304,262144,262144,1266478268
25,49,304,262144,262144,1266478268,25,49,304,262144,262144,1266478268
25,49,304,262144,262144,1266478268,25,49,304,262144,262144,1266478268
25,49,304,262144,262144,1266478268,25,49,304,262144,262144,1266478268
25,49,304,262144,262144,1266478268,25,49,304,262144,262144,1266478268
25,49,304,262144,262144,1266478268,25,49,304,262144,262144,1266478268
25,49,304,262144,262144,1266478268,25,49,304,262144,262144,1266478268
25,49,304,262144,262144,1266478268,25,49,304,262144,262144,1266478268
25,49,304,262144,262144,1266478268,25,49,304,262144,262144,1266478268
25,49,304,262144,262144,1266478268,25,49,304,262144,262144,1266478268
25,49,304,262144,262144,1266478268,25,49,304,262144,262144,1266478268
25,49,304,262144,262144,1266478268,25,49,304,262144,262144,1266478268
25,49,304,262144,262144,1266478268,25,49,304,262144,262144,1266478268
25,49,304,262144,262144,1266478268,25,49,304,262144,262144,1266478268
25,49,304,262144,262144,1266478268,25,49,304,262144,262144,1266478268
25,49,304,262144,262144,1266478268,25,49,303,262144,262144,1262641521
25,49,303,262144,262144,1262641521,25,49,303,262144,262144,1262641521
25,49,303,262144,262144,1262641521,25,49,303,262144,262144,1262641521
25,49,303,262144,262144,1262641521,25,49,303,262144,262144,1262641521
25,49,303,262144,262144,1262641521,25,49,303,262144,262144,1262641521
25,49,303,262144,262144,1262641521,25,49,303,262144,262144,1262641521
25,49,303,262144,262144,1262641521,25,49,303,262144,262144,1262641521
25,49,303,262144,262144,1262641521,25,49,303,262144,262144,1262641521
25,49,303,262144,262144,1262641521,25,49,303,262144,262144,1262641521
25,49,303,262144,262144,1262641521,25,49,303,262144,262144,1262641521
25,49,303,262144,262144,1262641521,25,49,303,262144,262144,1262641521
25,49,303,262144,262144,1262641521,25,49,303,262144,262144,1262641521
25,49,303,262144,262144,1262641521,25,49,303,262144,262144,1262641521
25,49,303,262144,262144,1262641521,25,49,303,262144,262144,1262641521
25,49,303,262144,262144,1262641521,25,49,303,262144,262144,1262641521
25,49,303,262144,262144,1262641521,25,35,302,262144,262144,1258832377
25,35,302,262144,262144,1258832377,25,35,301,262144,262144,1255050538
25,35,301,262144,262144,1255050538,25,35,301,262144,262144,1255050538
25,35,301,262144,262144,1255050538,25,35,301,262144,262144,1255050538
25,35,301,262144,262144,1255050538,25,35,301,262144,262144,1255050538
25,35,301,262144,262144,1255050538,25,35,301,262144,262144,1255050538
25,35,301,262144,262144,1255050538,25,35,301,262144,262144,1255050538
25,35,301,262144,262144,1255050538,25,35,301,262144,262144,1251295712
25,35,301,262144,262144,1251295712,25,35,300,262144,262144,1247567611
25,35,300,262144,262144,1247567611,25,35,300,262144,262144,1247567611
25,35,300,262144,262144,1247567611,25,35,300,262144,262144,1247567611
25,35,300,262144,262144,1247567611,25,35,300,262144,262144,1247567611
25,35,300,262144,262144,1247567611,25,35,300,262144,262144,1247567611
25,35,300,262144,262144,1247567611,25,35,300,262144,262144,1247567611
25,35,300,262144,262144,1247567611,25,35,299,262144,262144,1243865950
25,35,299,262144,262144,1243865950,25,35,298,262144,262144,1240190449
25,35,298,262144,262144,1240190449,25,35,298,262144,262144,1240190449
25,35,298,262144,262144,1240190449,25,35,298,262144,262144,1240190449
25,35,298,262144,262144,1240190449,25,35,298,262144,262144,1240190449
25,35,298,262144,262144,1240190449,25,35,298,262144,262144,1240190449
25,35,298,262144,262144,1240190449,25,35,298,262144,262144,1240190449
25,35,298,262144,262144,1240190449,25,35,298,262144,262144,1240190449
25,35,298,262144,262144,1240190449,25,35,298,262144,262144,1240190449
25,35,298,262144,262144,1240190449,25,35,298,262144,262144,1240190449
25,35,298,262144,262144,1240190449,25,35,298,262144,262144,1240190449
25,35,298,262144,262144,1240190449,25,35,298,262144,262144,1240190449
25,35,298,262144,262144,1240190449,25,35,298,262144,262144,1240190449
25,35,298,262144,262144,1240190449,25,35,298,262144,262144,1240190449
25,35,298,262144,262144,1240190449,25,35,297,262144,262144,1236540833
25,35,297,262144,262144,1236540833,25,35,297,262144,262144,1236540833
25,35,297,262144,262144,1236540833,25,35,297,262144,262144,1236540833
25,35,297,262144,262144,1236540833,25,35,297,262144,262144,1236540833
25,35,297,262144,262144,1236540833,25,35,297,262144,262144,1236540833
25,35,297,262144,262144,1236540833,25,35,297,262144,262144,1236540833
25,35,297,262144,262144,1236540833,25,35,296,262144,262144,1232916827
25,35,296,262144,262144,1232916827,25,35,295,262144,262144,1229318165
25,35,295,262144,262144,1229318165,25,35,295,262144,262144,1229318165
25,35,295,262144,262144,1229318165,25,35,295,262144,262144,1229318165
25,35,295,262144,262144,1229318165,25,35,295,262144,262144,1229318165
25,35,295,262144,262144,1229318165,25,35,295,262144,262144,1229318165
25,35,295,262144,262144,1229318165,25,35,295,262144,262144,1229318165
25,35,295,262144,262144,1229318165,25,35,294,262144,262144,1225744580
25,35,294,262144,262144,1225744580,25,35,294,262144,262144,1222195812
25,35,294,262144,262144,1222195812,25,35,294,262144,262144,1222195812
25,35,294,262144,262144,1222195812,25,35,294,262144,262144,1222195812
25,35,294,262144,262144,1222195812,25,35,294,262144,262144,1222195812
25,35,294,262144,262144,1222195812,25,35,294,262144,262144,1222195812
25,35,294,262144,262144,1222195812,25,35,294,262144,262144,1222195812
25,35,294,262144,262144,1222195812,25,35,293,262144,262144,1218671602
25,35,293,262144,262144,1218671602,25,35,292,262144,262144,1215171698
25,35,292,262144,262144,1215171698,25,35,292,262144,262144,1215171698
25,35,292,262144,262144,1215171698,25,35,292,262144,262144,1215171698
25,35,292,262144,262144,1215171698,25,35,292,262144,262144,1215171698
25,35,292,262144,262144,1215171698,25,35,292,262144,262144,1215171698
25,35,292,262144,262144,1215171698,25,35,292,262144,262144,1215171698
25,35,292,262144,262144,1215171698,25,35,291,262144,262144,1211695847
25,35,291,262144,262144,1211695847,25,49,290,262144,262144,1208243805
25,49,290,262144,262144,1208243805,25,49,290,262144,262144,1208243805
25,49,290,262144,262144,1208243805,25,49,290,262144,262144,1208243805
25,49,290,262144,262144,1208243805,25,49,290,262144,262144,1208243805
25,49,290,262144,262144,1208243805,25,49,290,262144,262144,1208243805
25,49,290,262144,262144,1208243805,25,49,290,262144,262144,1208243805
25,49,290,262144,262144,1208243805,25,49,289,262144,262144,1204815325
25,49,289,262144,262144,1204815325,25,49,289,262144,262144,1204815325
25,49,289,262144,262144,1204815325,25,49,289,262144,262144,1201410168
25,49,289,262144,262144,1201410168,25,49,289,262144,262144,1201410168
25,49,289,262144,262144,1201410168,25,49,289,262144,262144,1201410168
25,49,289,262144,262144,1201410168,25,49,289,262144,262144,1201410168
25,49,289,262144,262144,1201410168,25,49,289,262144,262144,1201410168
25,49,289,262144,262144,1201410168,25,49,289,262144,262144,1201410168
25,49,289,262144,262144,1201410168,25,49,289,262144,262144,1201410168
25,49,289,262144,262144,1201410168,25,49,288,262144,262144,1198028098
25,49,288,262144,262144,1198028098,25,49,287,262144,262144,1194668879
25,49,287,262144,262144,1194668879,25,49,287,262144,262144,1194668879
25,49,287,262144,262144,1194668879,25,49,287,262144,262144,1194668879
25,49,287,262144,262144,1194668879,25,49,287,262144,262144,1194668879
25,49,287,262144,262144,1194668879,25,49,287,262144,262144,1194668879
25,49,287,262144,262144,1194668879,25,49,287,262144,262144,1194668879
25,49,287,262144,262144,1194668879,25,49,286,262144,262144,1191332281
25,49,286,262144,262144,1191332281,25,49,286,262144,262144,1191332281
25,49,286,262144,262144,1191332281,25,49,286,262144,262144,1191332281
25,49,286,262144,262144,1191332281,25,49,286,262144,262144,1191332281
25,49,286,262144,262144,1191332281,25,49,286,262144,262144,1191332281
25,49,286,262144,262144,1191332281,25,49,286,262144,262144,1191332281
25,49,286,262144,262144,1191332281,25,49,286,262144,262144,1191332281
25,49,286,262144,262144,1191332281,25,49,286,262144,262144,1191332281
25,49,286,262144,262144,1191332281,25,35,285,262144,262144,1188018076
25,35,285,262144,262144,1188018076,25,35,284,262144,262144,1184726040
25,35,284,262144,262144,1184726040,25,35,284,262144,262144,1184726040
25,35,284,262144,262144,1184726040,25,35,284,262144,262144,1184726040
25,35,284,262144,262144,1184726040,25,35,284,262144,262144,1184726040
25,35,284,262144,262144,1184726040,25,35,284,262144,262144,1184726040
25,35,284,262144,262144,1184726040,25,35,284,262144,262144,1184726040
25,35,284,262144,262144,1184726040,25,35,284,262144,262144,1181455951
25,35,284,262144,262144,1181455951,25,35,284,262144,262144,1181455951
25,35,284,262144,262144,1181455951,25,35,284,262144,262144,1181455951
25,35,284,262144,262144,1181455951,25,35,284,262144,262144,1181455951
25,35,284,262144,262144,1181455951,25,35,284,262144,262144,1181455951
25,35,284,262144,262144,1181455951,25,35,284,262144,262144,1181455951
25,35,284,262144,262144,1181455951,25,35,284,262144,262144,1181455951
25,35,284,262144,262144,1181455951,25,35,283,262144,262144,1178207590
25,35,283,262144,262144,1178207590,25,35,282,262144,262144,1174980742
25,35,282,262144,262144,1174980742,25,35,281,262144,262144,1171775192
25,35,281,262144,262144,1171775192,25,35,281,262144,262144,1171775192
25,35,281,262144,262144,1171775192,25,35,281,262144,262144,1171775192
25,35,281,262144,262144,1171775192,25,35,281,262144,262144,1171775192
25,35,281,262144,262144,1171775192,25,35,281,262144,262144,1171775192
25,35,281,262144,262144,1171775192,25,35,281,262144,262144,1171775192
25,35,281,262144,262144,1171775192,25,35,281,262144,262144,1168590732
25,35,281,262144,262144,1168590732,25,35,280,262144,262144,1165427154
25,35,280,262144,262144,1165427154,25,35,280,262144,262144,1165427154
25,35,280,262144,262144,1165427154,25,35,280,262144,262144,1165427154
25,35,280,262144,262144,1165427154,25,35,280,262144,262144,1165427154
25,35,280,262144,262144,1165427154,25,35,280,262144,262144,1165427154
25,35,280,262144,262144,1165427154,25,35,280,262144,262144,1165427154
25,35,280,262144,262144,1165427154,25,35,279,262144,262144,1162284252
25,35,279,262144,262144,1162284252,25,35,278,262144,262144,1159161826
25,35,278,262144,262144,1159161826,25,35,278,262144,262144,1159161826
25,35,278,262144,262144,1159161826,25,35,278,262144,262144,1159161826
25,35,278,262144,262144,1159161826,25,35,278,262144,262144,1159161826
25,35,278,262144,262144,1159161826,25,35,278,262144,262144,1159161826
25,35,278,262144,262144,1159161826,25,35,278,262144,262144,1159161826
25,35,278,262144,262144,1159161826,25,35,278,262144,262144,1156059674
25,35,278,262144,262144,1156059674,25,35,277,262144,262144,1152977602
25,35,277,262144,262144,1152977602,25,35,277,262144,262144,1152977602
25,35,277,262144,262144,1152977602,25,35,277,262144,262144,1152977602
25,35,277,262144,262144,1152977602,25,35,277,262144,262144,1152977602
25,35,277,262144,262144,1152977602,25,35,277,262144,262144,1152977602
25,35,277,262144,262144,1152977602,25,35,277,262144,262144,1152977602
25,35,277,262144,262144,1152977602,25,35,276,262144,262144,1149915414
25,35,276,262144,262144,1149915414,25,35,275,262144,262144,1146872918
25,35,275,262144,262144,1146872918,25,35,275,262144,262144,1146872918
25,35,275,262144,262144,1146872918,25,35,275,262144,262144,1146872918
25,35,275,262144,262144,1146872918,25,35,275,262144,262144,1146872918
25,35,275,262144,262144,1146872918,25,35,275,262144,262144,1146872918
25,35,275,262144,262144,1146872918,25,35,275,262144,262144,1146872918
25,35,275,262144,262144,1146872918,25,35,275,262144,262144,1143849926
25,35,275,262144,262144,1143849926,25,35,274,262144,262144,1140846250
25,35,274,262144,262144,1140846250,25,35,274,262144,262144,1140846250
25,35,274,262144,262144,1140846250,25,35,274,262144,262144,1140846250
25,35,274,262144,262144,1140846250,25,35,274,262144,262144,1140846250
25,35,274,262144,262144,1140846250,25,35,274,262144,262144,1140846250
25,35,274,262144,262144,1140846250,25,35,274,262144,262144,1140846250
25,35,274,262144,262144,1140846250,25,35,273,262144,262144,1137861706
25,35,273,262144,262144,1137861706,25,35,273,262144,262144,1134896111
25,35,273,262144,262144,1134896111,25,35,273,262144,262144,1134896111
25,35,273,262144,262144,1134896111,25,35,273,262144,262144,1134896111
25,35,273,262144,262144,1134896111,25,35,273,262144,262144,1134896111
25,35,273,262144,262144,1134896111,25,35,273,262144,262144,1134896111
25,35,273,262144,262144,1134896111,25,35,273,262144,262144,1134896111
25,35,273,262144,262144,1134896111,25,35,272,262144,262144,1131949285
25,35,272,262144,262144,1131949285,25,35,271,262144,262144,1129021052
25,35,271,262144,262144,1129021052,25,35,271,262144,262144,1129021052
25,35,271,262144,262144,1129021052,25,35,271,262144,262144,1129021052
25,35,271,262144,262144,1129021052,25,35,271,262144,262144,1129021052
25,35,271,262144,262144,1129021052,25,35,271,262144,262144,1129021052
25,35,271,262144,262144,1129021052,25,35,271,262144,262144,1129021052
25,35,271,262144,262144,1129021052,25,35,271,262144,262144,1129021052
25,35,271,262144,262144,1129021052,25,35,270,262144,262144,1126111235
25,35,270,262144,262144,1126111235,25,35,270,262144,262144,1123219662
25,35,270,262144,262144,1123219662,25,35,270,262144,262144,1123219662
25,35,270,262144,262144,1123219662,25,35,270,262144,262144,1123219662
25,35,270,262144,262144,1123219662,25,35,270,262144,262144,1123219662
25,35,270,262144,262144,1123219662,25,35,270,262144,262144,1123219662
25,35,270,262144,262144,1123219662,25,35,270,262144,262144,1123219662
25,35,270,262144,262144,1123219662,25,35,269,262144,262144,1120346161
25,35,269,262144,262144,1120346161,25,35,268,262144,262144,1117490563
25,35,268,262144,262144,1117490563,25,35,268,262144,262144,1117490563
25,35,268,262144,262144,1117490563,25,35,268,262144,262144,1117490563
25,35,268,262144,262144,1117490563,25,35,268,262144,262144,1117490563
25,35,268,262144,262144,1117490563,25,35,268,262144,262144,1117490563
25,35,268,262144,262144,1117490563,25,35,268,262144,262144,1117490563
25,35,268,262144,262144,1117490563,25,35,268,262144,262144,1114652702
25,35,268,262144,262144,1114652702,25,35,267,262144,262144,1111832413
25,35,267,262144,262144,1111832413,25,35,267,262144,262144,1111832413
25,35,267,262144,262144,1111832413,25,35,267,262144,262144,1111832413
25,35,267,262144,262144,1111832413,25,35,267,262144,262144,1111832413
25,35,267,262144,262144,1111832413,25,35,267,262144,262144,1111832413
25,35,267,262144,262144,1111832413,25,35,267,262144,262144,1111832413
25,35,267,262144,262144,1111832413,25,35,266,262144,262144,1109029533
25,35,266,262144,262144,1109029533,25,35,266,262144,262144,1106243901
25,35,266,262144,262144,1106243901,25,35,266,262144,262144,1106243901
25,35,266,262144,262144,1106243901,25,35,266,262144,262144,1106243901
25,35,266,262144,262144,1106243901,25,35,266,262144,262144,1106243901
25,35,266,262144,262144,1106243901,25,35,266,262144,262144,1106243901
25,35,266,262144,262144,1106243901,25,35,266,262144,262144,1106243901
25,35,266,262144,262144,1106243901,25,35,266,262144,262144,1106243901
25,35,266,262144,262144,1106243901,25,35,266,262144,262144,1106243901
25,35,266,262144,262144,1106243901,25,35,265,262144,262144,1103475359
25,35,265,262144,262144,1103475359,25,35,265,262144,262144,1103475359
25,35,265,262144,262144,1103475359,25,35,265,262144,262144,1103475359
25,35,265,262144,262144,1103475359,25,35,265,262144,262144,1103475359
25,35,265,262144,262144,1103475359,25,35,265,262144,262144,1103475359
25,35,265,262144,262144,1103475359,25,35,265,262144,262144,1103475359
25,35,265,262144,262144,1103475359,25,35,264,262144,262144,1100723751
25,35,264,262144,262144,1100723751,25,35,264,262144,262144,1097988920
25,35,264,262144,262144,1097988920,25,35,264,262144,262144,1097988920
25,35,264,262144,262144,1097988920,25,35,264,262144,262144,1097988920
25,35,264,262144,262144,1097988920,25,35,264,262144,262144,1097988920
25,35,264,262144,262144,1097988920,25,35,264,262144,262144,1097988920
25,35,264,262144,262144,1097988920,25,35,264,262144,262144,1097988920
25,35,264,262144,262144,1097988920,25,35,263,262144,262144,1095270715
25,35,263,262144,262144,1095270715,25,35,262,262144,262144,1092568983
25,35,262,262144,262144,1092568983,25,35,262,262144,262144,1092568983
25,35,262,262144,262144,1092568983,25,35,262,262144,262144,1092568983
25,35,262,262144,262144,1092568983,25,35,262,262144,262144,1092568983
25,35,262,262144,262144,1092568983,25,35,262,262144,262144,1092568983
25,35,262,262144,262144,1092568983,25,35,262,262144,262144,1092568983
25,35,262,262144,262144,1092568983,25,35,262,262144,262144,1092568983
25,35,262,262144,262144,1092568983,25,35,261,262144,262144,1087214346
25,35,261,262144,262144,1087214346,25,35,261,262144,262144,1087214346
25,35,261,262144,262144,1087214346,25,35,261,262144,262144,1087214346
25,35,261,262144,262144,1087214346,25,35,261,262144,262144,1087214346
25,35,261,262144,262144,1087214346,25,35,261,262144,262144,1087214346
25,35,261,262144,262144,1087214346,25,35,261,262144,262144,1087214346
25,35,261,262144,262144,1087214346,25,35,260,262144,262144,1084561148
25,35,260,262144,262144,1084561148,25,35,260,262144,262144,1081923837
25,35,260,262144,262144,1081923837,25,35,260,262144,262144,1081923837
25,35,260,262144,262144,1081923837,25,35,260,262144,262144,1081923837
25,35,260,262144,262144,1081923837,25,35,260,262144,262144,1081923837
25,35,260,262144,262144,1081923837,25,35,260,262144,262144,1081923837
25,35,260,262144,262144,1081923837,25,35,260,262144,262144,1081923837
25,35,260,262144,262144,1081923837,25,35,259,262144,262144,1079302271
25,35,259,262144,262144,1079302271,25,35,259,262144,262144,1076696310
25,35,259,262144,262144,1076696310,25,35,259,262144,262144,1076696310
25,35,259,262144,262144,1076696310,25,35,259,262144,262144,1076696310
25,35,259,262144,262144,1076696310,25,35,259,262144,262144,1076696310
25,35,259,262144,262144,1076696310,25,35,259,262144,262144,1076696310
25,35,259,262144,262144,1076696310,25,35,259,262144,262144,1076696310
25,35,259,262144,262144,1076696310,25,35,258,262144,262144,1074105814
25,35,258,262144,262144,1074105814,25,35,257,262144,262144,1071530647
25,35,257,262144,262144,1071530647,25,35,257,262144,262144,1071530647
25,35,257,262144,262144,1071530647,25,35,257,262144,262144,1071530647
25,35,257,262144,262144,1071530647,25,35,257,262144,262144,1071530647
25,35,257,262144,262144,1071530647,25,35,257,262144,262144,1071530647
25,35,257,262144,262144,1071530647,25,35,257,262144,262144,1071530647
25,35,257,262144,262144,1071530647,25,35,257,262144,262144,1068970673
25,35,257,262144,262144,1068970673,25,35,257,262144,262144,1068970673
25,35,257,262144,262144,1068970673,25,35,257,262144,262144,1068970673
25,35,257,262144,262144,1068970673,25,35,257,262144,262144,1068970673
25,35,257,262144,262144,1068970673,25,35,257,262144,262144,1068970673
25,35,257,262144,262144,1068970673,25,35,257,262144,262144,1068970673
25,35,257,262144,262144,1068970673,25,35,257,262144,262144,1068970673
25,35,257,262144,262144,1068970673,25,35,256,262144,262144,1066425757
25,35,256,262144,262144,1066425757,25,35,256,262144,262144,1066425757
25,35,256,262144,262144,1066425757,25,35,256,262144,262144,1066425757
25,35,256,262144,262144,1066425757,25,35,256,262144,262144,1066425757
25,35,256,262144,262144,1066425757,25,35,256,262144,262144,1066425757
25,35,256,262144,262144,1066425757,25,35,256,262144,262144,1066425757
25,35,256,262144,262144,1066425757,25,35,256,262144,262144,1066425757
25,35,256,262144,262144,1066425757,25,35,255,262144,262144,1063895767
25,35,255,262144,262144,1063895767,25,35,255,262144,262144,1061380573
25,35,255,262144,262144,1061380573,25,35,255,262144,262144,1061380573
25,35,255,262144,262144,1061380573,25,35,255,262144,262144,1061380573
25,35,255,262144,262144,1061380573,25,35,255,262144,262144,1061380573
25,35,255,262144,262144,1061380573,25,35,255,262144,262144,1061380573
25,35,255,262144,262144,1061380573,25,35,255,262144,262144,1061380573
25,35,255,262144,262144,1061380573,25,35,254,262144,262144,1058880045
25,35,254,262144,262144,1058880045,25,35,254,262144,262144,1056394054
25,35,254,262144,262144,1056394054,25,35,254,262144,262144,1056394054
25,35,254,262144,262144,1056394054,25,35,254,262144,262144,1056394054
25,35,254,262144,262144,1056394054,25,35,254,262144,262144,1056394054
25,35,254,262144,262144,1056394054,25,35,254,262144,262144,1056394054
25,35,254,262144,262144,1056394054,25,35,254,262144,262144,1056394054
25,35,254,262144,262144,1056394054,25,35,253,262144,262144,1053922475
25,35,253,262144,262144,1053922475,25,35,252,262144,262144,1051465183
25,35,252,262144,262144,1051465183,25,35,252,262144,262144,1051465183
25,35,252,262144,262144,1051465183,25,35,252,262144,262144,1051465183
25,35,252,262144,262144,1051465183,25,35,252,262144,262144,1051465183
25,35,252,262144,262144,1051465183,25,35,252,262144,262144,1051465183
25,35,252,262144,262144,1051465183,25,35,252,262144,262144,1051465183
25,35,252,262144,262144,1051465183,25,35,252,262144,262144,1049022053
25,35,252,262144,262144,1049022053,25,35,251,262144,262144,1046592965
25,35,251,262144,262144,1046592965,25,35,251,262144,262144,1046592965
25,35,251,262144,262144,1046592965,25,35,251,262144,262144,1046592965
25,35,251,262144,262144,1046592965,25,35,251,262144,262144,1046592965
25,35,251,262144,262144,1046592965,25,35,251,262144,262144,1046592965
25,35,251,262144,262144,1046592965,25,35,251,262144,262144,1046592965
25,35,251,262144,262144,1046592965,25,35,251,262144,262144,1044177797
25,35,251,262144,262144,1044177797,25,35,250,262144,262144,1041776430
25,35,250,262144,262144,1041776430,25,35,250,262144,262144,1041776430
25,35,250,262144,262144,1041776430,25,35,250,262144,262144,1041776430
25,35,250,262144,262144,1041776430,25,35,250,262144,262144,1041776430
25,35,250,262144,262144,1041776430,25,35,250,262144,262144,1041776430
25,35,250,262144,262144,1041776430,25,35,250,262144,262144,1041776430
25,35,250,262144,262144,1041776430,25,49,250,262144,262144,1039388746
25,49,250,262144,262144,1039388746,25,49,249,262144,262144,1037014628
25,49,249,262144,262144,1037014628,25,49,249,262144,262144,1037014628
25,49,249,262144,262144,1037014628,25,49,249,262144,262144,1037014628
25,49,249,262144,262144,1037014628,25,49,249,262144,262144,1037014628
25,49,249,262144,262144,1037014628,25,49,249,262144,262144,1037014628
25,49,249,262144,262144,1037014628,25,49,249,262144,262144,1037014628
25,49,249,262144,262144,1037014628,25,49,249,262144,262144,1037014628
25,49,249,262144,262144,1037014628,25,49,248,262144,262144,1034653961
25,49,248,262144,262144,1034653961,25,49,248,262144,262144,1034653961
25,49,248,262144,262144,1034653961,25,49,248,262144,262144,1034653961
25,49,248,262144,262144,1034653961,25,49,248,262144,262144,1034653961
25,49,248,262144,262144,1034653961,25,49,248,262144,262144,1034653961
25,49,248,262144,262144,1034653961,25,49,248,262144,262144,1034653961
25,49,248,262144,262144,1034653961,25,49,248,262144,262144,1032306632
25,49,248,262144,262144,1032306632,25,49,247,262144,262144,1029972527
25,49,247,262144,262144,1029972527,25,49,247,262144,262144,1029972527
25,49,247,262144,262144,1029972527,25,49,247,262144,262144,1029972527
25,49,247,262144,262144,1029972527,25,49,247,262144,262144,1029972527
25,49,247,262144,262144,1029972527,25,49,247,262144,262144,1029972527
25,49,247,262144,262144,1029972527,25,49,247,262144,262144,1029972527
25,49,247,262144,262144,1029972527,25,49,247,262144,262144,1029972527
25,49,247,262144,262144,1029972527,25,49,247,262144,262144,1027651534
25,49,247,262144,262144,1027651534,25,49,246,262144,262144,1025343545
25,49,246,262144,262144,1025343545,25,49,246,262144,262144,1025343545
25,49,246,262144,262144,1025343545,25,49,246,262144,262144,1025343545
25,49,246,262144,262144,1025343545,25,49,246,262144,262144,1025343545
25,49,246,262144,262144,1025343545,25,49,246,262144,262144,1025343545
25,49,246,262144,262144,1025343545,25,49,246,262144,262144,1023048449
25,49,246,262144,262144,1023048449,25,49,245,262144,262144,1020766140
25,49,245,262144,262144,1020766140,25,49,245,262144,262144,1020766140
25,49,245,262144,262144,1020766140,25,49,245,262144,262144,1020766140
25,49,245,262144,262144,1020766140,25,49,245,262144,262144,1020766140
25,49,245,262144,262144,1020766140,25,49,245,262144,262144,1020766140
25,49,245,262144,262144,1020766140,25,49,245,262144,262144,1020766140
25,49,245,262144,262144,1020766140,25,49,245,262144,262144,1018496510
25,49,245,262144,262144,1018496510,25,49,244,262144,262144,1016239454
25,49,244,262144,262144,1016239454,25,49,244,262144,262144,1016239454
25,49,244,262144,262144,1016239454,25,49,244,262144,262144,1016239454
25,49,244,262144,262144,1016239454,25,49,244,262144,262144,1016239454
25,49,244,262144,262144,1016239454,25,49,244,262144,262144,1016239454
25,49,244,262144,262144,1016239454,25,49,244,262144,262144,1016239454
25,49,244,262144,262144,1016239454,25,49,243,262144,262144,1013994867
25,49,243,262144,262144,1013994867,25,49,243,262144,262144,1011762648
25,49,243,262144,262144,1011762648,25,49,243,262144,262144,1011762648
25,49,243,262144,262144,1011762648,25,49,243,262144,262144,1011762648
25,49,243,262144,262144,1011762648,25,49,243,262144,262144,1011762648
25,49,243,262144,262144,1011762648,25,49,243,262144,262144,1011762648
25,49,243,262144,262144,1011762648,25,49,243,262144,262144,1011762648
25,49,243,262144,262144,1011762648,25,49,242,262144,262144,1009542694
25,49,242,262144,262144,1009542694,25,49,242,262144,262144,1009542694
25,49,242,262144,262144,1009542694,25,49,242,262144,262144,1009542694
25,49,242,262144,262144,1009542694,25,49,242,262144,262144,1009542694
25,49,242,262144,262144,1009542694,25,49,242,262144,262144,1009542694
25,49,242,262144,262144,1009542694,25,49,242,262144,262144,1009542694
25,49,242,262144,262144,1009542694,25,49,242,262144,262144,1009542694
25,49,242,262144,262144,1009542694,25,49,242,262144,262144,1009542694
25,49,242,262144,262144,1009542694,25,49,242,262144,262144,1007334904
25,49,242,262144,262144,1007334904,25,49,242,262144,262144,1007334904
25,49,242,262144,262144,1007334904,25,49,242,262144,262144,1007334904
25,49,242,262144,262144,1007334904,25,49,242,262144,262144,1007334904
25,49,242,262144,262144,1007334904,25,49,242,262144,262144,1007334904
25,49,242,262144,262144,1007334904,25,49,242,262144,262144,1007334904
25,49,242,262144,262144,1007334904,25,49,242,262144,262144,1007334904
25,49,242,262144,262144,1007334904,25,49,241,262144,262144,1005139178
25,49,241,262144,262144,1005139178,25,49,241,262144,262144,1002955418
25,49,241,262144,262144,1002955418,25,49,241,262144,262144,1002955418
25,49,241,262144,262144,1002955418,25,49,241,262144,262144,1002955418
25,49,241,262144,262144,1002955418,25,49,241,262144,262144,1002955418
25,49,241,262144,262144,1002955418,25,49,241,262144,262144,1002955418
25,49,241,262144,262144,1002955418,25,49,241,262144,262144,1002955418
25,49,241,262144,262144,1002955418,25,49,240,262144,262144,1000783527
25,49,240,262144,262144,1000783527,25,49,240,262144,262144,998623407
25,49,240,262144,262144,998623407,25,49,240,262144,262144,998623407
25,49,240,262144,262144,998623407,25,49,240,262144,262144,998623407
25,49,240,262144,262144,998623407,25,49,240,262144,262144,998623407
25,49,240,262144,262144,998623407,25,49,240,262144,262144,998623407
25,49,240,262144,262144,998623407,25,49,240,262144,262144,998623407
25,49,240,262144,262144,998623407,25,49,239,262144,262144,996474963
25,49,239,262144,262144,996474963,25,49,239,262144,262144,994338102
25,49,239,262144,262144,994338102,25,49,239,262144,262144,994338102
25,49,239,262144,262144,994338102,25,49,239,262144,262144,994338102
25,49,239,262144,262144,994338102,25,49,239,262144,262144,994338102
25,49,239,262144,262144,994338102,25,49,239,262144,262144,994338102
25,49,239,262144,262144,994338102,25,49,239,262144,262144,994338102
25,49,239,262144,262144,994338102,25,49,238,262144,262144,992212729
25,49,238,262144,262144,992212729,25,49,238,262144,262144,990098752
25,49,238,262144,262144,990098752,25,49,238,262144,262144,990098752
25,49,238,262144,262144,990098752,25,49,238,262144,262144,990098752
25,49,238,262144,262144,990098752,25,49,238,262144,262144,990098752
25,49,238,262144,262144,990098752,25,49,238,262144,262144,990098752
25,49,238,262144,262144,990098752,25,49,238,262144,262144,990098752
25,49,238,262144,262144,990098752,25,49,237,262144,262144,987996079
25,49,237,262144,262144,987996079,25,49,237,262144,262144,985904621
25,49,237,262144,262144,985904621,25,49,237,262144,262144,985904621
25,49,237,262144,262144,985904621,25,49,237,262144,262144,985904621
25,49,237,262144,262144,985904621,25,49,237,262144,262144,985904621
25,49,237,262144,262144,985904621,25,49,237,262144,262144,985904621
25,49,237,262144,262144,985904621,25,49,237,262144,262144,985904621
25,49,237,262144,262144,985904621,25,49,236,262144,262144,983824288
25,49,236,262144,262144,983824288,25,49,236,262144,262144,981754991
25,49,236,262144,262144,981754991,25,49,236,262144,262144,981754991
25,49,236,262144,262144,981754991,25,49,236,262144,262144,981754991
25,49,236,262144,262144,981754991,25,49,236,262144,262144,981754991
25,49,236,262144,262144,981754991,25,49,236,262144,262144,981754991
25,49,236,262144,262144,981754991,25,49,236,262144,262144,981754991
25,49,236,262144,262144,981754991,25,49,235,262144,262144,979696642
25,49,235,262144,262144,979696642,25,49,235,262144,262144,977649156
25,49,235,262144,262144,977649156,25,49,235,262144,262144,977649156
25,49,235,262144,262144,977649156,25,49,235,262144,262144,977649156
25,49,235,262144,262144,977649156,25,49,235,262144,262144,977649156
25,49,235,262144,262144,977649156,25,49,235,262144,262144,977649156
25,49,235,262144,262144,977649156,25,49,235,262144,262144,977649156
25,49,235,262144,262144,977649156,25,49,234,262144,262144,975612446
25,49,234,262144,262144,975612446,25,49,234,262144,262144,973586427
25,49,234,262144,262144,973586427,25,49,234,262144,262144,973586427
25,49,234,262144,262144,973586427,25,49,234,262144,262144,973586427
25,49,234,262144,262144,973586427,25,49,234,262144,262144,973586427
25,49,234,262144,262144,973586427,25,49,234,262144,262144,973586427
25,49,234,262144,262144,973586427,25,49,233,262144,262144,971571016
25,49,233,262144,262144,971571016,25,49,233,262144,262144,969566129
25,49,233,262144,262144,969566129,25,49,233,262144,262144,969566129
25,49,233,262144,262144,969566129,25,49,233,262144,262144,969566129
25,49,233,262144,262144,969566129,25,49,233,262144,262144,969566129
25,49,233,262144,262144,969566129,25,49,233,262144,262144,969566129
25,49,233,262144,262144,969566129,25,49,233,262144,262144,969566129
25,49,233,262144,262144,969566129,25,49,232,262144,262144,967571684
25,49,232,262144,262144,967571684,25,49,232,262144,262144,965587600
25,49,232,262144,262144,965587600,25,49,232,262144,262144,965587600
25,49,232,262144,262144,965587600,25,49,232,262144,262144,965587600
25,49,232,262144,262144,965587600,25,49,232,262144,262144,965587600
25,49,232,262144,262144,965587600,25,49,232,262144,262144,965587600
25,49,232,262144,262144,965587600,25,49,232,262144,262144,965587600
25,49,232,262144,262144,965587600,25,49,232,262144,262144,965587600
25,49,232,262144,262144,965587600,25,49,231,262144,262144,963613796
25,49,231,262144,262144,963613796,25,49,231,262144,262144,961650193
25,49,231,262144,262144,961650193,25,49,231,262144,262144,961650193
25,49,231,262144,262144,961650193,25,49,231,262144,262144,961650193
25,49,231,262144,262144,961650193,25,49,231,262144,262144,961650193
25,49,231,262144,262144,961650193,25,49,231,262144,262144,961650193
25,49,231,262144,262144,961650193,25,49,231,262144,262144,961650193
25,49,231,262144,262144,961650193,25,49,230,262144,262144,959696711
25,49,230,262144,262144,959696711,25,49,230,262144,262144,957753273
25,49,230,262144,262144,957753273,25,49,230,262144,262144,957753273
25,49,230,262144,262144,957753273,25,49,230,262144,262144,957753273
25,49,230,262144,262144,957753273,25,49,230,262144,262144,957753273
25,49,230,262144,262144,957753273,25,49,230,262144,262144,957753273
25,49,230,262144,262144,957753273,25,49,230,262144,262144,957753273
25,49,230,262144,262144,957753273,25,49,229,262144,262144,955819801
25,49,229,262144,262144,955819801,25,49,229,262144,262144,953896219
25,49,229,262144,262144,953896219,25,49,229,262144,262144,953896219
25,49,229,262144,262144,953896219,25,49,229,262144,262144,953896219
25,49,229,262144,262144,953896219,25,49,229,262144,262144,953896219
25,49,229,262144,262144,953896219,25,49,229,262144,262144,953896219
25,49,229,262144,262144,953896219,25,49,229,262144,262144,953896219
25,49,229,262144,262144,953896219,25,49,229,262144,262144,951982452
25,49,229,262144,262144,951982452,25,49,228,262144,262144,950078423
25,49,228,262144,262144,950078423,25,49,228,262144,262144,950078423
25,49,228,262144,262144,950078423,25,49,228,262144,262144,950078423
25,49,228,262144,262144,950078423,25,49,228,262144,262144,950078423
25,49,228,262144,262144,950078423,25,49,228,262144,262144,950078423
25,49,228,262144,262144,950078423,25,49,228,262144,262144,950078423
25,49,228,262144,262144,950078423,25,49,228,262144,262144,948184060
25,49,228,262144,262144,948184060,25,49,227,262144,262144,946299289
25,49,227,262144,262144,946299289,25,49,227,262144,262144,944424036
25,49,227,262144,262144,944424036,25,49,226,262144,262144,942558231
25,49,226,262144,262144,942558231,25,49,226,262144,262144,940701801
25,49,226,262144,262144,940701801,25,49,226,262144,262144,940701801
25,49,226,262144,262144,940701801,25,49,226,262144,262144,940701801
25,49,226,262144,262144,940701801,25,49,226,262144,262144,940701801
25,49,226,262144,262144,940701801,25,49,226,262144,262144,940701801
25,49,226,262144,262144,940701801,25,49,226,262144,262144,940701801
25,49,226,262144,262144,940701801,25,49,225,262144,262144,938854677
25,49,225,262144,262144,938854677,25,49,225,262144,262144,937016789
25,49,225,262144,262144,937016789,25,49,225,262144,262144,937016789
25,49,225,262144,262144,937016789,25,49,225,262144,262144,937016789
25,49,225,262144,262144,937016789,25,49,225,262144,262144,937016789
25,49,225,262144,262144,937016789,25,49,225,262144,262144,937016789
25,49,225,262144,262144,937016789,25,49,225,262144,262144,937016789
25,49,225,262144,262144,937016789,25,49,224,262144,262144,935188067
25,49,224,262144,262144,935188067,25,49,224,262144,262144,933368443
25,49,224,262144,262144,933368443,25,49,224,262144,262144,933368443
25,49,224,262144,262144,933368443,25,49,224,262144,262144,933368443
25,49,224,262144,262144,933368443,25,49,224,262144,262144,933368443
25,49,224,262144,262144,933368443,25,49,224,262144,262144,933368443
25,49,224,262144,262144,933368443,25,49,224,262144,262144,933368443
25,49,224,262144,262144,933368443,25,49,224,262144,262144,931557850
25,49,224,262144,262144,931557850,25,49,223,262144,262144,929756220
25,49,223,262144,262144,929756220,25,49,223,262144,262144,929756220
25,49,223,262144,262144,929756220,25,49,223,262144,262144,929756220
25,49,223,262144,262144,929756220,25,49,223,262144,262144,929756220
25,49,223,262144,262144,929756220,25,49,223,262144,262144,929756220
25,49,223,262144,262144,929756220,25,49,223,262144,262144,929756220
25,49,223,262144,262144,929756220,25,49,223,262144,262144,927963486
25,49,223,262144,262144,927963486,25,49,222,262144,262144,926179584
25,49,222,262144,262144,926179584,25,49,222,262144,262144,926179584
25,49,222,262144,262144,926179584,25,49,222,262144,262144,926179584
25,49,222,262144,262144,926179584,25,49,222,262144,262144,926179584
25,49,222,262144,262144,926179584,25,49,222,262144,262144,926179584
25,49,222,262144,262144,926179584,25,49,222,262144,262144,926179584
25,49,222,262144,262144,926179584,25,49,222,262144,262144,926179584
25,49,222,262144,262144,926179584,25,49,222,262144,262144,924404449
25,49,222,262144,262144,924404449,25,49,222,262144,262144,924404449
25,49,222,262144,262144,924404449,25,49,222,262144,262144,924404449
25,49,222,262144,262144,924404449,25,49,222,262144,262144,924404449
25,49,222,262144,262144,924404449,25,49,222,262144,262144,924404449
25,49,222,262144,262144,924404449,25,49,222,262144,262144,924404449
25,49,222,262144,262144,924404449,25,49,222,262144,262144,924404449
25,49,222,262144,262144,924404449,25,49,221,262144,262144,922638014
25,49,221,262144,262144,922638014,25,49,221,262144,262144,920880218
25,49,221,262144,262144,920880218,25,49,221,262144,262144,920880218
25,49,221,262144,262144,920880218,25,49,221,262144,262144,920880218
25,49,221,262144,262144,920880218,25,49,221,262144,262144,920880218
25,49,221,262144,262144,920880218,25,49,221,262144,262144,920880218
25,49,221,262144,262144,920880218,25,49,221,262144,262144,919130996
25,49,221,262144,262144,919130996,25,49,220,262144,262144,917390287
25,49,220,262144,262144,917390287,25,49,220,262144,262144,917390287
25,49,220,262144,262144,917390287,25,49,220,262144,262144,917390287
25,49,220,262144,262144,917390287,25,49,220,262144,262144,917390287
25,49,220,262144,262144,917390287,25,49,220,262144,262144,917390287
25,49,220,262144,262144,917390287,25,49,220,262144,262144,917390287
25,49,220,262144,262144,917390287,25,49,220,262144,262144,915658027
25,49,220,262144,262144,915658027,25,49,219,262144,262144,913934156
25,49,219,262144,262144,913934156,25,49,219,262144,262144,913934156
25,49,219,262144,262144,913934156,25,49,219,262144,262144,913934156
25,49,219,262144,262144,913934156,25,49,219,262144,262144,913934156
25,49,219,262144,262144,913934156,25,49,219,262144,262144,913934156
25,49,219,262144,262144,913934156,25,49,219,262144,262144,913934156
25,49,219,262144,262144,913934156,25,49,219,262144,262144,912218613
25,49,219,262144,262144,912218613,25,49,219,262144,262144,910511337
25,49,219,262144,262144,910511337,25,49,219,262144,262144,910511337
25,49,219,262144,262144,910511337,25,49,219,262144,262144,910511337
25,49,219,262144,262144,910511337,25,49,219,262144,262144,910511337
25,49,219,262144,262144,910511337,25,49,219,262144,262144,910511337
25,49,219,262144,262144,910511337,25,49,219,262144,262144,910511337
25,49,219,262144,262144,910511337,25,49,218,262144,262144,908812270
25,49,218,262144,262144,908812270,25,49,218,262144,262144,907121352
25,49,218,262144,262144,907121352,25,49,218,262144,262144,907121352
25,49,218,262144,262144,907121352,25,49,218,262144,262144,907121352
25,49,218,262144,262144,907121352,25,49,218,262144,262144,907121352
25,49,218,262144,262144,907121352,25,49,218,262144,262144,907121352
25,49,218,262144,262144,907121352,25,49,218,262144,262144,907121352
25,49,218,262144,262144,907121352,25,49,217,262144,262144,905438524
25,49,217,262144,262144,905438524,25,49,217,262144,262144,903763728
25,49,217,262144,262144,903763728,25,49,217,262144,262144,903763728
25,49,217,262144,262144,903763728,25,49,217,262144,262144,903763728
25,49,217,262144,262144,903763728,25,49,217,262144,262144,903763728
25,49,217,262144,262144,903763728,25,49,217,262144,262144,903763728
25,49,217,262144,262144,903763728,25,49,217,262144,262144,903763728
25,49,217,262144,262144,903763728,25,49,217,262144,262144,902096908
25,49,217,262144,262144,902096908,25,49,216,262144,262144,900438007
25,49,216,262144,262144,900438007,25,49,216,262144,262144,900438007
25,49,216,262144,262144,900438007,25,49,216,262144,262144,900438007
25,49,216,262144,262144,900438007,25,49,216,262144,262144,900438007
25,49,216,262144,262144,900438007,25,49,216,262144,262144,900438007
25,49,216,262144,262144,900438007,25,49,216,262144,262144,900438007
25,49,216,262144,262144,900438007,25,49,216,262144,262144,898786967
25,49,216,262144,262144,898786967,25,49,215,262144,262144,897143734
25,49,215,262144,262144,897143734,25,49,215,262144,262144,897143734
25,49,215,262144,262144,897143734,25,49,215,262144,262144,897143734
25,49,215,262144,262144,897143734,25,49,215,262144,262144,897143734
25,49,215,262144,262144,897143734,25,49,215,262144,262144,897143734
25,49,215,262144,262144,897143734,25,49,215,262144,262144,897143734
25,49,215,262144,262144,897143734,25,49,215,262144,262144,895508252
25,49,215,262144,262144,895508252,25,49,215,262144,262144,893880466
25,49,215,262144,262144,893880466,25,49,215,262144,262144,893880466
25,49,215,262144,262144,893880466,25,49,215,262144,262144,893880466
25,49,215,262144,262144,893880466,25,49,215,262144,262144,893880466
25,49,215,262144,262144,893880466,25,49,215,262144,262144,893880466
25,49,215,262144,262144,893880466,25,49,215,262144,262144,893880466
25,49,215,262144,262144,893880466,25,49,214,262144,262144,892260322
25,49,214,262144,262144,892260322,25,49,214,262144,262144,890647767
25,49,214,262144,262144,890647767,25,49,214,262144,262144,890647767
25,49,214,262144,262144,890647767,25,49,214,262144,262144,890647767
25,49,214,262144,262144,890647767,25,49,214,262144,262144,890647767
25,49,214,262144,262144,890647767,25,49,214,262144,262144,890647767
25,49,214,262144,262144,890647767,25,49,214,262144,262144,890647767
25,49,214,262144,262144,890647767,25,49,214,262144,262144,890647767
25,49,214,262144,262144,890647767,25,49,213,262144,262144,889042747
25,49,213,262144,262144,889042747,25,49,213,262144,262144,887445210
25,49,213,262144,262144,887445210,25,49,213,262144,262144,887445210
25,49,213,262144,262144,887445210,25,49,213,262144,262144,887445210
25,49,213,262144,262144,887445210,25,49,213,262144,262144,887445210
25,49,213,262144,262144,887445210,25,49,213,262144,262144,887445210
25,49,213,262144,262144,887445210,25,49,213,262144,262144,887445210
25,49,213,262144,262144,887445210,25,49,213,262144,262144,885855104
25,49,213,262144,262144,885855104,25,49,212,262144,262144,884272375
25,49,212,262144,262144,884272375,25,49,212,262144,262144,884272375
25,49,212,262144,262144,884272375,25,49,212,262144,262144,884272375
25,49,212,262144,262144,884272375,25,49,212,262144,262144,884272375
25,49,212,262144,262144,884272375,25,49,212,262144,262144,884272375
25,49,212,262144,262144,884272375,25,49,212,262144,262144,884272375
25,49,212,262144,262144,884272375,25,49,212,262144,262144,882696975
25,49,212,262144,262144,882696975,25,49,211,262144,262144,881128851
25,49,211,262144,262144,881128851,25,49,211,262144,262144,879567953
25,49,211,262144,262144,879567953,25,49,211,262144,262144,878014232
25,49,211,262144,262144,878014232,25,49,210,262144,262144,876467638
25,49,210,262144,262144,876467638,25,49,210,262144,262144,876467638
25,49,210,262144,262144,876467638,25,49,210,262144,262144,876467638
25,49,210,262144,262144,876467638,25,49,210,262144,262144,876467638
25,49,210,262144,262144,876467638,25,49,210,262144,262144,876467638
25,49,210,262144,262144,876467638,25,49,210,262144,262144,876467638
25,49,210,262144,262144,876467638,25,49,210,262144,262144,874928123
25,49,210,262144,262144,874928123,25,49,210,262144,262144,873395637
25,49,210,262144,262144,873395637,25,49,210,262144,262144,873395637
25,49,210,262144,262144,873395637,25,49,210,262144,262144,873395637
25,49,210,262144,262144,873395637,25,49,210,262144,262144,873395637
25,49,210,262144,262144,873395637,25,49,210,262144,262144,873395637
25,49,210,262144,262144,873395637,25,49,210,262144,262144,873395637
25,49,210,262144,262144,873395637,25,49,210,262144,262144,873395637
25,49,210,262144,262144,873395637,25,49,209,262144,262144,871870133
25,49,209,262144,262144,871870133,25,49,209,262144,262144,871870133
25,49,209,262144,262144,871870133,25,49,209,262144,262144,871870133
25,49,209,262144,262144,871870133,25,49,209,262144,262144,871870133
25,49,209,262144,262144,871870133,25,49,209,262144,262144,871870133
25,49,209,262144,262144,871870133,25,49,209,262144,262144,871870133
25,49,209,262144,262144,871870133,25,49,209,262144,262144,871870133
25,49,209,262144,262144,871870133,25,49,209,262144,262144,871870133
25,49,209,262144,262144,871870133,25,49,209,262144,262144,871870133
25,49,209,262144,262144,871870133,25,49,209,262144,262144,871870133
25,49,209,262144,262144,871870133,25,49,209,262144,262144,871870133
25,49,209,262144,262144,871870133,25,49,209,262144,262144,871870133
25,49,209,262144,262144,871870133,25,49,209,262144,262144,870351563
25,49,209,262144,262144,870351563,25,49,209,262144,262144,870351563
25,49,209,262144,262144,870351563,25,49,209,262144,262144,870351563
25,49,209,262144,262144,870351563,25,49,209,262144,262144,870351563
25,49,209,262144,262144,870351563,25,49,209,262144,262144,870351563
25,49,209,262144,262144,870351563,25,49,209,262144,262144,870351563
25,49,209,262144,262144,870351563,25,49,209,262144,262144,870351563
25,49,209,262144,262144,870351563,25,49,209,262144,262144,868839879
25,49,209,262144,262144,868839879,25,49,208,262144,262144,867335037
25,49,208,262144,262144,867335037,25,49,208,262144,262144,867335037
25,49,208,262144,262144,867335037,25,49,208,262144,262144,867335037
25,49,208,262144,262144,867335037,25,49,208,262144,262144,867335037
25,49,208,262144,262144,867335037,25,49,208,262144,262144,867335037
25,49,208,262144,262144,867335037,25,49,208,262144,262144,867335037
25,49,208,262144,262144,867335037,25,49,208,262144,262144,867335037
25,49,208,262144,262144,867335037,25,49,208,262144,262144,865836987
25,49,208,262144,262144,865836987,25,49,207,262144,262144,864345686
25,49,207,262144,262144,864345686,25,49,207,262144,262144,864345686
25,49,207,262144,262144,864345686,25,49,207,262144,262144,864345686
25,49,207,262144,262144,864345686,25,49,207,262144,262144,864345686
25,49,207,262144,262144,864345686,25,49,207,262144,262144,864345686
25,49,207,262144,262144,864345686,25,49,207,262144,262144,864345686
25,49,207,262144,262144,864345686,25,49,207,262144,262144,862861088
25,49,207,262144,262144,862861088,25,49,207,262144,262144,861383147
25,49,207,262144,262144,861383147,25,49,207,262144,262144,861383147
25,49,207,262144,262144,861383147,25,49,207,262144,262144,861383147
25,49,207,262144,262144,861383147,25,49,207,262144,262144,861383147
25,49,207,262144,262144,861383147,25,49,207,262144,262144,861383147
25,49,207,262144,262144,861383147,25,49,207,262144,262144,861383147
25,49,207,262144,262144,861383147,25,49,206,262144,262144,859911818
25,49,206,262144,262144,859911818,25,49,206,262144,262144,858447058
25,49,206,262144,262144,858447058,25,49,206,262144,262144,858447058
25,49,206,262144,262144,858447058,25,49,206,262144,262144,858447058
25,49,206,262144,262144,858447058,25,49,206,262144,262144,858447058
25,49,206,262144,262144,858447058,25,49,206,262144,262144,858447058
25,49,206,262144,262144,858447058,25,49,206,262144,262144,858447058
25,49,206,262144,262144,858447058,25,49,206,262144,262144,856988822
25,49,206,262144,262144,856988822,25,49,205,262144,262144,855537068
25,49,205,262144,262144,855537068,25,49,205,262144,262144,855537068
25,49,205,262144,262144,855537068,25,49,205,262144,262144,855537068
25,49,205,262144,262144,855537068,25,49,205,262144,262144,855537068
25,49,205,262144,262144,855537068,25,49,205,262144,262144,855537068
25,49,205,262144,262144,855537068,25,49,205,262144,262144,855537068
25,49,205,262144,262144,855537068,25,49,205,262144,262144,854091751
25,49,205,262144,262144,854091751,25,49,205,262144,262144,854091751
25,49,205,262144,262144,854091751,25,49,205,262144,262144,854091751
25,49,205,262144,262144,854091751,25,49,205,262144,262144,854091751
25,49,205,262144,262144,854091751,25,49,205,262144,262144,854091751
25,49,205,262144,262144,854091751,25,49,205,262144,262144,854091751
25,49,205,262144,262144,854091751,25,49,205,262144,262144,854091751
25,49,205,262144,262144,854091751,25,49,205,262144,262144,852652830
25,49,205,262144,262144,852652830,25,49,204,262144,262144,851220262
25,49,204,262144,262144,851220262,25,49,204,262144,262144,851220262
25,49,204,262144,262144,851220262,25,49,204,262144,262144,851220262
25,49,204,262144,262144,851220262,25,49,204,262144,262144,851220262
25,49,204,262144,262144,851220262,25,49,204,262144,262144,851220262
25,49,204,262144,262144,851220262,25,49,204,262144,262144,851220262
25,49,204,262144,262144,851220262,25,49,204,262144,262144,849794004
25,49,204,262144,262144,849794004,25,49,204,262144,262144,848374016
25,49,204,262144,262144,848374016,25,49,204,262144,262144,848374016
25,49,204,262144,262144,848374016,25,49,204,262144,262144,848374016
25,49,204,262144,262144,848374016,25,49,204,262144,262144,848374016
25,49,204,262144,262144,848374016,25,49,204,262144,262144,848374016
25,49,204,262144,262144,848374016,25,49,204,262144,262144,848374016
25,49,204,262144,262144,848374016,25,49,204,262144,262144,848374016
25,49,204,262144,262144,848374016,25,49,203,262144,262144,846960255
25,49,203,262144,262144,846960255,25,49,203,262144,262144,845552682
25,49,203,262144,262144,845552682,25,49,203,262144,262144,845552682
25,49,203,262144,262144,845552682,25,49,203,262144,262144,845552682
25,49,203,262144,262144,845552682,25,49,203,262144,262144,845552682
25,49,203,262144,262144,845552682,25,49,203,262144,262144,845552682
25,49,203,262144,262144,845552682,25,49,203,262144,262144,845552682
25,49,203,262144,262144,845552682,25,49,203,262144,262144,844151255
25,49,203,262144,262144,844151255,25,49,202,262144,262144,842755935
25,49,202,262144,262144,842755935,25,49,202,262144,262144,842755935
25,49,202,262144,262144,842755935,25,49,202,262144,262144,842755935
25,49,202,262144,262144,842755935,25,49,202,262144,262144,842755935
25,49,202,262144,262144,842755935,25,49,202,262144,262144,842755935
25,49,202,262144,262144,842755935,25,49,202,262144,262144,842755935
25,49,202,262144,262144,842755935,25,49,202,262144,262144,841366682
25,49,202,262144,262144,841366682,25,49,202,262144,262144,839983455
25,49,202,262144,262144,839983455,25,49,202,262144,262144,839983455
25,49,202,262144,262144,839983455,25,49,202,262144,262144,839983455
25,49,202,262144,262144,839983455,25,49,202,262144,262144,839983455
25,49,202,262144,262144,839983455,25,49,202,262144,262144,839983455
25,49,202,262144,262144,839983455,25,49,202,262144,262144,839983455
25,49,202,262144,262144,839983455,25,49,202,262144,262144,839983455
25,49,202,262144,262144,839983455,25,49,202,262144,262144,839983455
25,49,202,262144,262144,839983455,25,49,202,262144,262144,839983455
25,49,202,262144,262144,839983455,25,49,202,262144,262144,839983455
25,49,202,262144,262144,839983455,25,49,202,262144,262144,839983455
25,49,202,262144,262144,839983455,25,49,202,262144,262144,839983455
25,49,202,262144,262144,839983455,25,49,202,262144,262144,839983455
25,49,202,262144,262144,839983455,25,49,202,262144,262144,839983455
25,49,202,262144,262144,839983455,25,49,201,262144,262144,838606217
25,49,201,262144,262144,838606217,25,49,201,262144,262144,838606217
25,49,201,262144,262144,838606217,25,49,201,262144,262144,838606217
25,49,201,262144,262144,838606217,25,49,201,262144,262144,838606217
25,49,201,262144,262144,838606217,25,49,201,262144,262144,838606217
25,49,201,262144,262144,838606217,25,49,201,262144,262144,838606217
25,49,201,262144,262144,838606217,25,49,201,262144,262144,837234928
25,49,201,262144,262144,837234928,25,49,201,262144,262144,835869549
25,49,201,262144,262144,835869549,25,49,201,262144,262144,835869549
25,49,201,262144,262144,835869549,25,49,201,262144,262144,835869549
25,49,201,262144,262144,835869549,25,49,201,262144,262144,835869549
25,49,201,262144,262144,835869549,25,49,201,262144,262144,835869549
25,49,201,262144,262144,835869549,25,49,201,262144,262144,835869549
25,49,201,262144,262144,835869549,25,49,200,262144,262144,834510043
25,49,200,262144,262144,834510043,25,49,200,262144,262144,833156372
25,49,200,262144,262144,833156372,25,49,200,262144,262144,833156372
25,49,200,262144,262144,833156372,25,49,200,262144,262144,833156372
25,49,200,262144,262144,833156372,25,49,200,262144,262144,833156372
25,49,200,262144,262144,833156372,25,49,200,262144,262144,833156372
25,49,200,262144,262144,833156372,25,49,200,262144,262144,833156372
25,49,200,262144,262144,833156372,25,49,200,262144,262144,831808498
25,49,200,262144,262144,831808498,25,49,199,262144,262144,830466385
25,49,199,262144,262144,830466385,25,49,199,262144,262144,830466385
25,49,199,262144,262144,830466385,25,49,199,262144,262144,830466385
25,49,199,262144,262144,830466385,25,49,199,262144,262144,830466385
25,49,199,262144,262144,830466385,25,49,199,262144,262144,830466385
25,49,199,262144,262144,830466385,25,49,199,262144,262144,830466385
25,49,199,262144,262144,830466385,25,49,199,262144,262144,829129994
25,49,199,262144,262144,829129994,25,49,199,262144,262144,827799291
25,49,199,262144,262144,827799291,25,49,199,262144,262144,827799291
25,49,199,262144,262144,827799291,25,49,199,262144,262144,827799291
25,49,199,262144,262144,827799291,25,49,199,262144,262144,827799291
25,49,199,262144,262144,827799291,25,49,199,262144,262144,827799291
25,49,199,262144,262144,827799291,25,49,199,262144,262144,827799291
25,49,199,262144,262144,827799291,25,49,198,262144,262144,826474238
25,49,198,262144,262144,826474238,25,49,198,262144,262144,825154799
25,49,198,262144,262144,825154799,25,49,198,262144,262144,825154799
25,49,198,262144,262144,825154799,25,49,198,262144,262144,825154799
25,49,198,262144,262144,825154799,25,49,198,262144,262144,825154799
25,49,198,262144,262144,825154799,25,49,198,262144,262144,825154799
25,49,198,262144,262144,825154799,25,49,198,262144,262144,825154799
25,49,198,262144,262144,825154799,25,49,198,262144,262144,825154799
25,49,198,262144,262144,825154799,25,49,198,262144,262144,823840940
25,49,198,262144,262144,823840940,25,49,197,262144,262144,822532624
25,49,197,262144,262144,822532624,25,49,197,262144,262144,822532624
25,49,197,262144,262144,822532624,25,49,197,262144,262144,822532624
25,49,197,262144,262144,822532624,25,49,197,262144,262144,822532624
25,49,197,262144,262144,822532624,25,49,197,262144,262144,822532624
25,49,197,262144,262144,822532624,25,49,197,262144,262144,822532624
25,49,197,262144,262144,822532624,25,49,197,262144,262144,821229817
25,49,197,262144,262144,821229817,25,49,197,262144,262144,819932484
25,49,197,262144,262144,819932484,25,49,197,262144,262144,819932484
25,49,197,262144,262144,819932484,25,49,197,262144,262144,819932484
25,49,197,262144,262144,819932484,25,49,197,262144,262144,819932484
25,49,197,262144,262144,819932484,25,49,197,262144,262144,819932484
25,49,197,262144,262144,819932484,25,49,197,262144,262144,819932484
25,49,197,262144,262144,819932484,25,49,196,262144,262144,818640591
25,49,196,262144,262144,818640591,25,49,196,262144,262144,817354103
25,49,196,262144,262144,817354103,25,49,196,262144,262144,817354103
25,49,196,262144,262144,817354103,25,49,196,262144,262144,817354103
25,49,196,262144,262144,817354103,25,49,196,262144,262144,817354103
25,49,196,262144,262144,817354103,25,49,196,262144,262144,817354103
25,49,196,262144,262144,817354103,25,49,196,262144,262144,817354103
25,49,196,262144,262144,817354103,25,49,196,262144,262144,816072986
25,49,196,262144,262144,816072986,25,49,196,262144,262144,814797208
25,49,196,262144,262144,814797208,25,49,196,262144,262144,814797208
25,49,196,262144,262144,814797208,25,49,196,262144,262144,814797208
25,49,196,262144,262144,814797208,25,49,196,262144,262144,814797208
25,49,196,262144,262144,814797208,25,49,196,262144,262144,814797208
25,49,196,262144,262144,814797208,25,49,196,262144,262144,814797208
25,49,196,262144,262144,814797208,25,49,196,262144,262144,814797208
25,49,196,262144,262144,814797208,25,49,196,262144,262144,814797208
25,49,196,262144,262144,814797208,25,49,195,262144,262144,813526734
25,49,195,262144,262144,813526734,25,49,195,262144,262144,813526734
25,49,195,262144,262144,813526734,25,49,195,262144,262144,813526734
25,49,195,262144,262144,813526734,25,49,195,262144,262144,813526734
25,49,195,262144,262144,813526734,25,49,195,262144,262144,813526734
25,49,195,262144,262144,813526734,25,49,195,262144,262144,813526734
25,49,195,262144,262144,813526734,25,49,195,262144,262144,811001568
25,49,195,262144,262144,811001568,25,49,195,262144,262144,811001568
25,49,195,262144,262144,811001568,25,49,195,262144,262144,811001568
25,49,195,262144,262144,811001568,25,49,195,262144,262144,811001568
25,49,195,262144,262144,811001568,25,49,195,262144,262144,811001568
25,49,195,262144,262144,811001568,25,49,195,262144,262144,811001568
25,49,195,262144,262144,811001568,25,49,194,262144,262144,809746812
25,49,194,262144,262144,809746812,25,49,194,262144,262144,808497229
25,49,194,262144,262144,808497229,25,49,194,262144,262144,808497229
25,49,194,262144,262144,808497229,25,49,194,262144,262144,808497229
25,49,194,262144,262144,808497229,25,49,194,262144,262144,808497229
25,49,194,262144,262144,808497229,25,49,194,262144,262144,808497229
25,49,194,262144,262144,808497229,25,49,194,262144,262144,808497229
25,49,194,262144,262144,808497229,25,49,194,262144,262144,807252789
25,49,194,262144,262144,807252789,25,49,193,262144,262144,806013459
25,49,193,262144,262144,806013459,25,49,193,262144,262144,806013459
25,49,193,262144,262144,806013459,25,49,193,262144,262144,806013459
25,49,193,262144,262144,806013459,25,49,193,262144,262144,806013459
25,49,193,262144,262144,806013459,25,49,193,262144,262144,806013459
25,49,193,262144,262144,806013459,25,49,193,262144,262144,806013459
25,49,193,262144,262144,806013459,25,49,193,262144,262144,804779209
25,49,193,262144,262144,804779209,25,49,193,262144,262144,803550007
25,49,193,262144,262144,803550007,25,49,193,262144,262144,803550007
25,49,193,262144,262144,803550007,25,49,193,262144,262144,803550007
25,49,193,262144,262144,803550007,25,49,193,262144,262144,803550007
25,49,193,262144,262144,803550007,25,49,193,262144,262144,803550007
25,49,193,262144,262144,803550007,25,49,193,262144,262144,803550007
25,49,193,262144,262144,803550007,25,49,193,262144,262144,803550007
25,49,193,262144,262144,803550007,25,49,193,262144,262144,802325822
25,49,193,262144,262144,802325822,25,49,192,262144,262144,801106623
25,49,192,262144,262144,801106623,25,49,192,262144,262144,801106623
25,49,192,262144,262144,801106623,25,49,192,262144,262144,801106623
25,49,192,262144,262144,801106623,25,49,192,262144,262144,801106623
25,49,192,262144,262144,801106623,25,49,192,262144,262144,801106623
25,49,192,262144,262144,801106623,25,49,192,262144,262144,801106623
25,49,192,262144,262144,801106623,25,49,192,262144,262144,799892381
25,49,192,262144,262144,799892381,25,49,192,262144,262144,798683064
25,49,192,262144,262144,798683064,25,49,192,262144,262144,798683064
25,49,192,262144,262144,798683064,25,49,192,262144,262144,798683064
25,49,192,262144,262144,798683064,25,49,192,262144,262144,798683064
25,49,192,262144,262144,798683064,25,49,192,262144,262144,798683064