46             
200             
201             
201             
199             
200             
200             
200             
200             
200             
200             
200             
201             
200             
200             
200             
201             
200             
200             
200             
199             
201             
200             
199             
200             
200             
200             
199             
200             
200             
201             
200             
201             
200             
200             
201             
200             
200             
199            
189             
199             
201             
200             
200             
200             
200             
201             
201             
201             
200             
201             
200             
199             
202             
198             
199             
200             
200             
200             
199             
199             
199             
200             
200             
199             
200             
200             
200             
200             
200             
200             
200             
201             
199             
200             
199             
200             
199             
201             
201             
200             
199             
200             
200             
193             
200             
199             
200             
198             
199             
194             
199             
197             